label,genre,type,id,adv_adj,adv_noun,adv_prn,adj_verb,adj_prn,noun_verb,noun_prn,verb_prn,avg_sentlen,sd_sentlen,avg_word_typetoken,sd_word_typetoken,avg_wordlen,sd_wordlen,avg_punct_typetoken,sd_punct_typetoken,hyphen.quote.ratio,hyphen.exclamation.ratio,quote.question.ratio
0,non_fiction,news,ca01,0.7234042553,0.1188811189,0.9577464789,0.3805668016,1.323943662,2.3157894737,8.0563380282,3.4788732394,20.622449,10.276301,2.417464,6.320895,4.880257,2.733506,43.444444,43.117697,0.2134831461,19,89
0,non_fiction,news,ca02,0.6145833333,0.0927672956,1.0350877193,0.4304932735,1.6842105263,2.8520179372,11.1578947368,3.9122807018,20.877551,10.907089,2.293722,6.129127,4.811339,2.669034,41.5,51.159066,0.4406779661,26,59
0,non_fiction,news,ca03,0.4311926606,0.0793918919,0.7121212121,0.4698275862,1.6515151515,2.5517241379,8.9696969697,3.5151515152,18.366071,12.114038,2.620382,6.535827,4.77054,2.576368,38.1,39.302544,0.3918918919,29,24.6666666667
0,non_fiction,news,ca04,0.5785714286,0.1649694501,1.3064516129,0.7106598985,2.2580645161,2.4923857868,7.9193548387,3.1774193548,23.159091,13.474628,2.309173,6.540283,5.129966,2.93401,25.3,30.613886,0.3513513514,13,12.3333333333
0,non_fiction,news,ca05,0.6481481481,0.1279707495,0.6542056075,0.4268774704,1.0093457944,2.162055336,5.1121495327,2.3644859813,24.47619,9.765679,2.748663,7.699985,4.685311,2.552693,46.428571,39.438405,0.4642857143,26,56
0,non_fiction,news,ca06,0.5368421053,0.086440678,0.4903846154,0.4298642534,0.9134615385,2.6696832579,5.6730769231,2.125,20.585859,11.31461,2.506765,6.866609,4.772326,2.735328,50.125,43.184018,0.311827957,29,31
0,non_fiction,news,ca07,0.58,0.1046931408,0.8169014085,0.4761904762,1.4084507042,2.6380952381,7.8028169014,2.9577464789,17.525,10.441075,2.395216,6.411644,4.900143,2.73501,38.6,46.778628,0.6545454545,12,11
0,non_fiction,news,ca08,0.7706422018,0.1696969697,1.0769230769,0.5343137255,1.3974358974,2.4264705882,6.3461538462,2.6153846154,20.09901,10.632013,2.478632,7.384138,4.823153,2.776353,24.5,36.821869,2.4166666667,29,4
0,non_fiction,news,ca09,0.7887323944,0.0888888889,1.0980392157,0.3127753304,1.3921568627,2.7753303965,12.3529411765,4.4509803922,18.300885,10.578727,2.360731,6.632734,4.757737,2.719087,34,45.958479,0.306122449,15,16.3333333333
0,non_fiction,news,ca10,0.7052631579,0.1190053286,0.6504854369,0.3846153846,0.9223300971,2.2793522267,5.4660194175,2.3980582524,19.358491,11.23773,2.405627,5.902853,4.666667,2.597232,39.636364,48.850929,0.7719298246,44,57
0,non_fiction,news,ca11,1.1182795699,0.1753794266,1.8909090909,0.4603960396,1.6909090909,2.9356435644,10.7818181818,3.6727272727,21.29,12.76816,2.435927,6.573899,4.331611,2.260187,43.4,49.741733,1.2419354839,77,62
0,non_fiction,news,ca12,1.3225806452,0.2216216216,0.9534883721,0.3875,0.7209302326,2.3125,4.3023255814,1.8604651163,20.048077,11.39617,2.625945,5.537814,4.31271,2.240473,44.454545,45.723206,0.5688073394,20.6666666667,109
0,non_fiction,news,ca13,1.3058823529,0.184079602,1.2471910112,0.4594594595,0.9550561798,3.2594594595,6.7752808989,2.0786516854,19.342593,9.824537,2.449004,6.576721,4.244615,2.223509,46.375,40.379257,0.9411764706,64,68
0,non_fiction,news,ca14,1.0229885057,0.1606498195,0.7946428571,0.400921659,0.7767857143,2.5529953917,4.9464285714,1.9375,15.744361,9.162406,2.283533,6.699361,4.552531,2.46714,37.363636,48.330816,0.5384615385,35,13
0,non_fiction,news,ca15,1.2682926829,0.1904761905,1.0196078431,0.3849765258,0.8039215686,2.5633802817,5.3529411765,2.0882352941,19.081818,10.338922,2.459016,5.619269,4.300476,2.252765,45.1,50.498416,0.6292134831,56,29.6666666667
0,non_fiction,news,ca16,1.1720430108,0.1480978261,1.2386363636,0.6078431373,1.0568181818,4.8104575163,8.3636363636,1.7386363636,18.103448,11.014394,2.052786,5.329344,4.435714,2.343006,47.333333,64.749946,0.2181818182,1.8461538462,36.6666666667
0,non_fiction,news,ca17,0.9857142857,0.0910290237,0.9452054795,0.4605263158,0.9589041096,4.9868421053,10.3835616438,2.0821917808,19.605769,11.290243,2.20671,6.030722,4.400687,2.314383,43.818182,73.903891,0.6176470588,7,11.3333333333
0,non_fiction,news,ca18,0.7567567568,0.064665127,0.7671232877,0.578125,1.0136986301,6.765625,11.8630136986,1.7534246575,19.495238,12.422042,2.383003,6.761098,4.470933,2.400743,72.375,102.380342,0.4347826087,20,15.3333333333
0,non_fiction,news,ca19,1.16,0.1474576271,1.1756756757,0.3588516746,1.0135135135,2.8229665072,7.972972973,2.8243243243,18.247788,11.506467,2.311659,5.675982,4.71969,2.655629,34.083333,50.959883,0.8611111111,31,36
0,non_fiction,news,ca20,0.8691588785,0.1537190083,1.0333333333,0.4403292181,1.1888888889,2.4897119342,6.7222222222,2.7,21.134021,13.390741,2.266298,5.897543,4.7294,2.421545,44.777778,56.314154,0.4117647059,21,51
0,non_fiction,news,ca21,1.4848484848,0.1661016949,1.1807228916,0.288209607,0.7951807229,2.576419214,7.1084337349,2.7590361446,18.321429,11.391738,2.178344,5.175481,4.807505,2.495314,31.454545,46.885477,1.3571428571,38,28
0,non_fiction,news,ca22,0.9873417722,0.1213063764,1.0540540541,0.3319327731,1.0675675676,2.7016806723,8.6891891892,3.2162162162,19.481132,12.59547,2.379032,5.913577,4.82615,2.691983,61.714286,66.576946,0.8823529412,30,34
0,non_fiction,news,ca23,0.6904761905,0.0823863636,0.90625,0.488372093,1.3125,4.0930232558,11,2.6875,18.230088,11.038957,2.128099,5.65723,4.765534,2.62861,38.583333,54.698352,0.775,31,13.3333333333
0,non_fiction,news,ca24,0.9857142857,0.1053435115,1.1694915254,0.3196347032,1.186440678,2.9908675799,11.1016949153,3.7118644068,20.89,11.764264,2.308287,6.515514,4.602681,2.541586,36.4,55.339317,1.5,30,20
0,non_fiction,news,ca25,0.8636363636,0.1141141141,1.0133333333,0.4,1.1733333333,3.0272727273,8.88,2.9333333333,19.233645,9.946191,2.157233,5.667075,4.762877,2.607856,48.7,54.552818,0.4782608696,33,69
0,non_fiction,news,ca26,0.8571428571,0.1304347826,1.3333333333,0.5157894737,1.5555555556,3.3894736842,10.2222222222,3.0158730159,19.598131,10.32813,2.455504,6.190933,4.575584,2.461363,31.083333,45.710061,1.4482758621,42,9.6666666667
0,non_fiction,news,ca27,0.5244755245,0.1473477407,0.9036144578,0.6745283019,1.7228915663,2.4009433962,6.1325301205,2.5542168675,18.008696,13.463313,2.222103,5.438401,4.733945,2.675461,33.071429,38.727001,0.5853658537,48,27.3333333333
0,non_fiction,news,ca28,0.619047619,0.0996932515,1.015625,0.4751131222,1.640625,2.9502262443,10.1875,3.453125,22.172043,9.76897,2.523868,6.219937,4.694956,2.526401,31.363636,36.740547,0.619047619,26,42
0,non_fiction,news,ca29,0.4436619718,0.0976744186,0.6428571429,0.7553191489,1.4489795918,3.4308510638,6.5816326531,1.9183673469,17.537815,8.500904,1.947761,5.135939,4.741858,2.475151,43.818182,52.155045,0.5679012346,15.3333333333,11.5714285714
0,non_fiction,news,ca30,1.0786516854,0.1555915721,0.8275862069,0.4836956522,0.7672413793,3.3532608696,5.3189655172,1.5862068966,17.457627,9.879481,2.234273,6.167351,4.364563,2.351328,43.777778,56.820923,0.3396226415,18,10.6
0,non_fiction,news,ca31,1.1034482759,0.1669565217,1.5483870968,0.5058139535,1.4032258065,3.3430232558,9.2741935484,2.7741935484,18.442478,10.10996,2.140657,5.411006,4.573141,2.535891,41.636364,48.739144,0.6764705882,46,22.6666666667
0,non_fiction,news,ca32,0.5352112676,0.1453154876,0.6551724138,0.8208092486,1.224137931,3.0231213873,4.5086206897,1.4913793103,16.524194,11.385095,2.10359,5.650917,4.558264,2.550684,35.916667,38.298082,0.4054054054,4.2857142857,5.6923076923
0,non_fiction,news,ca33,0.79,0.1558185404,0.6991150442,0.4464285714,0.8849557522,2.2633928571,4.4867256637,1.982300885,22.376344,11.06473,2.356738,7.32289,4.684767,2.545427,53.571429,44.164812,0.4782608696,33,69
0,non_fiction,news,ca34,0.5100671141,0.1410018553,1.1515151515,0.8186813187,2.2575757576,2.9615384615,8.1666666667,2.7575757576,21.925532,10.671337,2.744341,7.719699,4.841339,2.786353,39,43.609059,1.1470588235,39,34
0,non_fiction,news,ca35,0.4103773585,0.1768292683,1.1447368421,1.2926829268,2.7894736842,3,6.4736842105,2.1578947368,27.418919,13.777191,2.802486,8.20766,5.081321,2.954024,32.333333,26.486894,0.4482758621,26,58
0,non_fiction,news,ca36,0.472972973,0.1394422311,1.0606060606,0.649122807,2.2424242424,2.201754386,7.6060606061,3.4545454545,23.953488,14.095115,2.363532,7.400391,4.955361,2.782936,28.454545,30.973196,2.28,57,2.7777777778
0,non_fiction,news,ca37,0.527607362,0.172,0.9772727273,0.761682243,1.8522727273,2.3364485981,5.6818181818,2.4318181818,21.968421,13.85751,2.258658,6.431724,4.894586,2.68867,36.166667,39.719503,1.0476190476,13.2,9
0,non_fiction,news,ca38,1.1052631579,0.2751091703,1.0956521739,0.5615763547,0.9913043478,2.2561576355,3.9826086957,1.7652173913,21.505263,11.523773,2.846797,7.796609,4.338063,2.258209,33.875,37.213699,2.1904761905,46,21
0,non_fiction,news,ca39,0.8899082569,0.168989547,0.9326923077,0.4866071429,1.0480769231,2.5625,5.5192307692,2.1538461538,16.452381,10.55267,2.403244,5.806425,4.361138,2.272907,49.666667,52.112592,0.4174757282,43,9.3636363636
0,non_fiction,news,ca40,0.7520661157,0.1602112676,0.5947712418,0.5105485232,0.7908496732,2.3966244726,3.7124183007,1.5490196078,21.864583,11.499656,2.078218,4.792612,4.595998,2.542578,39.416667,45.468777,0.5595238095,15.6666666667,28
0,non_fiction,news,ca41,0.5968992248,0.154,0.8369565217,0.5917431193,1.402173913,2.2935779817,5.4347826087,2.3695652174,19.776699,11.232695,2.404481,7.180314,4.914174,2.707226,34.083333,45.651685,1.3939393939,9.2,6.6
0,non_fiction,news,ca42,1.2235294118,0.1877256318,1.1428571429,0.3663793103,0.9340659341,2.3879310345,6.0879120879,2.5494505495,20.086538,11.357064,2.270652,6.387965,4.528483,2.41847,48.9,53.813474,1.0204081633,50,49
0,non_fiction,news,ca43,0.5957446809,0.1393034826,2.1538461538,0.6945812808,3.6153846154,2.9704433498,15.4615384615,5.2051282051,16.162791,8.181839,2.60625,6.167958,4.707914,2.560643,52.625,55.914975,1.6578947368,63,38
0,non_fiction,news,ca44,0.4589041096,0.1177504394,0.8170731707,0.73,1.7804878049,2.845,6.9390243902,2.4390243902,22.391304,10.057397,2.530713,6.561066,4.867476,2.74028,27.666667,43.232575,0.935483871,9.6666666667,6.2
0,non_fiction,reviews,cc01,0.7112676056,0.1846435101,0.8278688525,0.6311111111,1.1639344262,2.4311111111,4.4836065574,1.8442622951,18.586207,11.7305,2.087125,5.949461,4.625696,2.530971,41.7,52.649881,0.5818181818,10.6666666667,4.2307692308
0,non_fiction,reviews,cc02,0.7232704403,0.21023766,1.4024390244,0.832460733,1.9390243902,2.8638743455,6.6707317073,2.3292682927,21.030303,9.584768,2.138604,6.018477,4.835814,2.706995,36.6,38.228785,0.7454545455,41,7.8571428571
0,non_fiction,reviews,cc03,0.4120603015,0.1643286573,0.6259541985,1.251572327,1.5190839695,3.1383647799,3.8091603053,1.213740458,18.263158,10.079554,2.191579,5.883888,4.814601,2.658829,43.444444,44.262126,0.6,30,50
0,non_fiction,reviews,cc04,0.5178571429,0.16827853,0.7073170732,0.9333333333,1.3658536585,2.8722222222,4.2032520325,1.4634146341,20.372549,12.611792,2.204666,5.566479,4.545455,2.445309,38.818182,46.096378,0.4337349398,5.1428571429,11.8571428571
0,non_fiction,reviews,cc05,0.7222222222,0.2358870968,0.7959183673,0.7605633803,1.1020408163,2.3286384977,3.3741496599,1.4489795918,19.942857,11.633964,2.104523,5.401947,4.685291,2.629421,41.636364,39.287455,0.4468085106,14,4.9473684211
0,non_fiction,reviews,cc06,0.5105263158,0.1789667897,0.8434782609,1.0497237569,1.652173913,2.9944751381,4.7130434783,1.5739130435,26.385542,18.511365,2.247179,7.241577,4.67686,2.661765,40.444444,42.773593,0.4210526316,24,57
0,non_fiction,reviews,cc07,0.5,0.1856392294,1.2183908046,1.2397660819,2.4367816092,3.3391812865,6.5632183908,1.9655172414,17.6,8.579433,2.144162,5.916297,4.907197,2.705197,48.666667,53.35208,0.8695652174,40,46
0,non_fiction,reviews,cc08,0.6402439024,0.2095808383,0.7720588235,0.8118811881,1.2058823529,2.4801980198,3.6838235294,1.4852941176,23.032967,14.780779,2.285714,5.838721,4.520515,2.341861,37.909091,43.639962,0.3636363636,32,9.7777777778
0,non_fiction,reviews,cc09,0.6478873239,0.185110664,0.8363636364,0.8352941176,1.2909090909,2.9235294118,4.5181818182,1.5454545455,22.966667,11.993934,2.173319,6.221101,4.679072,2.592783,51.666667,49.100803,0.2403846154,25,104
0,non_fiction,reviews,cc10,0.6219512195,0.1980582524,0.68,0.841025641,1.0933333333,2.641025641,3.4333333333,1.3,19.163636,11.152274,2.195833,6.10952,4.583017,2.484723,53.6,56.423754,0.3362068966,39,38.6666666667
0,non_fiction,reviews,cc11,0.495,0.1686541738,0.7983870968,1.0362694301,1.6129032258,3.0414507772,4.7338709677,1.5564516129,19.944954,10.386861,2.127202,5.798261,4.807268,2.67069,45.636364,48.875115,0.7532467532,11.6,15.4
0,non_fiction,reviews,cc12,0.5281690141,0.1318101933,0.974025974,0.7064676617,1.8441558442,2.8308457711,7.3896103896,2.6103896104,22.956522,9.373776,2.22082,6.570465,4.84375,2.675156,36,40.905656,0.75,42,18.6666666667
0,non_fiction,reviews,cc13,0.6834532374,0.1833976834,1.0555555556,0.6096491228,1.5444444444,2.2719298246,5.7555555556,2.5333333333,21.904255,10.69805,2.238043,6.687177,4.769305,2.592946,33.1,42.188743,0.4615384615,18,13
0,non_fiction,reviews,cc14,0.4953271028,0.182444062,0.8760330579,1.202247191,1.7685950413,3.2640449438,4.8016528926,1.4710743802,22.372549,15.157294,2.167142,6.395228,4.80149,2.670568,47.3,45.374112,0.3505154639,34,32.3333333333
0,non_fiction,reviews,cc15,0.5083798883,0.1428571429,1.6545454545,1.2430555556,3.2545454545,4.4236111111,11.5818181818,2.6181818182,17.669291,12.642296,1.927835,4.863068,4.651515,2.41001,43.090909,59.72582,1.8709677419,58,31
0,non_fiction,reviews,cc16,0.6858974359,0.2179226069,0.8770491803,0.7123287671,1.2786885246,2.2420091324,4.0245901639,1.7950819672,21.479167,13.209828,2.253552,6.047641,4.72066,2.609122,34.818182,42.550116,0.5789473684,33,19
0,non_fiction,reviews,cc17,0.5771812081,0.1419141914,1.3650793651,0.6535087719,2.3650793651,2.6578947368,9.619047619,3.619047619,20.584158,12.421849,2.179245,5.945802,4.854738,2.728727,42,54.23867,1.1403508772,65,57
0,non_fiction,hobbies,ce01,0.9219858156,0.2725366876,0.8783783784,0.6844660194,0.9527027027,2.3155339806,3.222972973,1.3918918919,20.240385,14.053808,2.678117,6.168702,4.536817,2.426242,39.454545,35.607363,1.1445783133,3.8,27.6666666667
0,non_fiction,hobbies,ce02,0.5847953216,0.2283105023,0.5291005291,0.6602316602,0.9047619048,1.6911196911,2.3174603175,1.3703703704,16.516129,7.829312,2.497561,6.146881,4.328613,2.298505,28.545455,41.462718,0.5151515152,17,6.6
0,non_fiction,hobbies,ce03,0.4170854271,0.1729166667,0.7345132743,0.8652173913,1.7610619469,2.0869565217,4.2477876106,2.0353982301,21.070707,10.490258,2.992826,6.672602,4.797699,2.628722,28,35.357696,2.3103448276,13.4,1.7058823529
0,non_fiction,hobbies,ce04,0.39408867,0.1603206413,0.7207207207,1.0972972973,1.8288288288,2.6972972973,4.4954954955,1.6666666667,21.770833,9.487359,2.255663,6.50188,4.942611,2.796212,30.727273,35.647494,0.9512195122,39,8.2
0,non_fiction,hobbies,ce05,1.5454545455,0.2242744063,0.7943925234,0.235042735,0.5140186916,1.6196581197,3.5420560748,2.1869158879,18.25,9.916166,2.791269,7.393912,4.509775,2.461165,28.75,35.154718,0.9705882353,1.1379310345,3.7777777778
0,non_fiction,hobbies,ce06,0.6849315068,0.1926782274,1.4084507042,0.7087378641,2.0563380282,2.5194174757,7.3098591549,2.9014084507,21.680851,11.199556,2.380841,6.372935,4.720805,2.586875,34,49.170621,1.4,4.6666666667,10
0,non_fiction,hobbies,ce07,0.6857142857,0.1278863233,1.6744186047,0.3354632588,2.4418604651,1.7987220447,13.0930232558,7.2790697674,16.242424,7.395864,3.381703,9.185919,4.104011,2.172999,63.666667,73.82261,0.1733333333,39,225
0,non_fiction,hobbies,ce08,0.6346153846,0.1120543294,1.03125,0.4837209302,1.625,2.7395348837,9.203125,3.359375,15.630769,9.894162,3.594356,10.109864,4.719823,2.737181,20.833333,34.452463,0.24,6,25
0,non_fiction,hobbies,ce09,0.7450980392,0.1362007168,0.7524752475,0.6375,1.0099009901,3.4875,5.5247524752,1.5841584158,15.669014,8.887974,2.870968,7.126244,3.994157,2.183794,94.888889,53.334259,8,136,17
0,non_fiction,hobbies,ce10,0.5243243243,0.1686956522,1.3857142857,1.1349693252,2.6428571429,3.527607362,8.2142857143,2.3285714286,17.053435,10.434319,2.749077,6.834074,4.26443,2.313343,41.333333,38.775708,2.0943396226,37,53
0,non_fiction,hobbies,ce11,0.862745098,0.1527777778,0.704,0.4322033898,0.816,2.4406779661,4.608,1.888,18.176991,10.183476,2.232356,6.687395,4.435798,2.263688,36.1,52.202395,0.9230769231,24,26
0,non_fiction,hobbies,ce12,0.3641618497,0.1184210526,0.984375,1.1610738255,2.703125,3.5704697987,8.3125,2.328125,17.157025,8.445262,2.281319,6.521813,4.836705,2.624514,30,41.821047,1.4285714286,13.3333333333,9.3333333333
0,non_fiction,hobbies,ce13,1.1081081081,0.3037037037,0.9461538462,0.578125,0.8538461538,2.109375,3.1153846154,1.4769230769,27.133333,14.396605,2.720588,9.421119,4.428501,2.291781,75.25,63.124381,2.6363636364,29,11
0,non_fiction,hobbies,ce14,0.6535433071,0.1319554849,1.0641025641,0.4290540541,1.6282051282,2.125,8.0641025641,3.7948717949,12.494048,9.289649,2.425115,5.396933,4.419477,2.422637,35.916667,44.214361,1.9142857143,7.4444444444,35
0,non_fiction,hobbies,ce15,0.5912408759,0.1153846154,7.3636363636,0.4041297935,12.4545454545,2.0707964602,63.8181818182,30.8181818182,10.211055,6.660895,3.097561,6.243748,4.479331,2.147734,39.9,43.486665,0.387755102,19,49
0,non_fiction,hobbies,ce16,0.776,0.181988743,1.564516129,0.5230125523,2.0161290323,2.230125523,8.5967741935,3.8548387097,15.969231,7.014204,3.039531,8.452601,4.220135,2.106783,31.4,45.464712,3.8666666667,19.3333333333,15
0,non_fiction,hobbies,ce17,0.6095890411,0.1627056673,1.2898550725,0.5983606557,2.115942029,2.2418032787,7.9275362319,3.5362318841,18.563636,10.934954,2.619231,7.307523,4.436123,2.34499,25.1,35.379231,1.75,14,1.1428571429
0,non_fiction,hobbies,ce18,0.8426966292,0.1420454545,0.8426966292,0.432038835,1,2.5631067961,5.9325842697,2.3146067416,24.686747,18.50622,2.444577,7.243194,4.639688,2.51807,34.6,44.240705,1.2,30,25
0,non_fiction,hobbies,ce19,0.8066666667,0.2479508197,0.7469135802,0.6607929515,0.9259259259,2.1497797357,3.012345679,1.4012345679,19.092593,10.579975,2.319101,5.877722,4.385174,2.318905,28.818182,39.540125,6.1538461538,26.6666666667,4.3333333333
0,non_fiction,hobbies,ce20,0.6496815287,0.2073170732,0.8793103448,0.5772058824,1.3534482759,1.8088235294,4.2413793103,2.3448275862,16.804878,8.548911,2.660232,6.096637,4.471214,2.486056,46.714286,49.401314,1.3225806452,41,4.4285714286
0,non_fiction,hobbies,ce21,0.3786982249,0.1068447412,1.2075471698,0.9883040936,3.1886792453,3.5029239766,11.3018867925,3.2264150943,17.928571,9.35578,3.033233,8.361658,4.651892,2.525731,36.857143,46.134674,3.6,18,0.3333333333
0,non_fiction,hobbies,ce22,0.2711864407,0.120754717,0.4210526316,1.2896174863,1.5526315789,2.8961748634,3.4868421053,1.2039473684,19.373832,13.139456,2.280528,6.76946,5.082007,2.901507,42.727273,47.931942,2.90625,10.3333333333,3.5555555556
0,non_fiction,hobbies,ce23,0.591954023,0.203960396,0.6397515528,0.7981651376,1.0807453416,2.3165137615,3.1366459627,1.3540372671,22.808989,11.796854,2.402367,6.287321,4.654187,2.587316,31.363636,43.457969,3.5,6,12
0,non_fiction,hobbies,ce24,0.7933333333,0.2537313433,1.2526315789,0.6147540984,1.5789473684,1.9221311475,4.9368421053,2.5684210526,16.314516,8.766107,2.686587,6.790943,4.587247,2.329542,34.875,46.215359,2,20,1.1111111111
0,non_fiction,hobbies,ce25,0.3757225434,0.1116838488,2.4074074074,0.8199052133,6.4074074074,2.7582938389,21.5555555556,7.8148148148,22.075269,9.558239,2.556663,7.716181,5.05017,2.89732,33,37.464057,0.7631578947,29,38
0,non_fiction,hobbies,ce26,0.4901960784,0.1459143969,0.5769230769,0.6891891892,1.1769230769,2.3153153153,3.9538461538,1.7076923077,22.555556,10.049998,2.431138,6.688518,4.926601,2.775159,35.375,37.319357,0.1891891892,7,37
0,non_fiction,hobbies,ce27,0.6896551724,0.0888888889,4,0.4065420561,5.8,3.1542056075,45,14.2666666667,11.042781,8.870325,3.591304,7.680009,4.758838,2.875117,37.818182,40.440345,2.7391304348,63,23
0,non_fiction,hobbies,ce28,0.6690647482,0.1761363636,0.8611111111,0.5472440945,1.287037037,2.0787401575,4.8888888889,2.3518518519,16.344,8.666352,2.663625,6.433616,5.212922,2.946611,31.818182,35.259604,4.3529411765,74,0.2463768116
0,non_fiction,hobbies,ce29,0.5535714286,0.1735074627,1.2567567568,0.9491525424,2.2702702703,3.0282485876,7.2432432432,2.3918918919,22.797753,11.416703,2.652288,7.775402,5.109414,2.911857,36.375,33.626394,0.8157894737,31,7.6
0,non_fiction,hobbies,ce30,0.5797101449,0.1438848921,0.5095541401,0.4946236559,0.8789808917,1.9928315412,3.5414012739,1.7770700637,13.677632,6.951526,2.507841,5.555857,4.957672,2.71655,31.75,42.14484,2.5185185185,68,0.2
0,non_fiction,hobbies,ce31,0.5328467153,0.1294326241,1.1060606061,0.5854700855,2.0757575758,2.4102564103,8.5454545455,3.5454545455,19.902913,10.783406,2.342857,5.961126,5.014634,2.674684,24.538462,38.349838,1.2608695652,29,2.0909090909
0,non_fiction,hobbies,ce32,0.5142857143,0.1633393829,0.989010989,0.9020618557,1.9230769231,2.8402061856,6.0549450549,2.1318681319,17.453782,9.454667,2.688228,6.513779,5.241578,3.007268,36.272727,36.349543,1.44,72,7.1428571429
0,non_fiction,hobbies,ce33,0.6397058824,0.1605166052,0.956043956,0.6507177033,1.4945054945,2.5933014354,5.956043956,2.2967032967,18.150442,9.045824,2.407277,6.232362,4.537299,2.471081,21.928571,34.451756,0.8888888889,32,4
0,non_fiction,hobbies,ce34,0.4315789474,0.1301587302,3.037037037,0.8920187793,7.037037037,2.9577464789,23.3333333333,7.8888888889,18.954128,10.06072,2.545567,6.430695,4.997581,2.74677,33.333333,52.106195,10.1666666667,61,0.8571428571
0,non_fiction,hobbies,ce35,0.962962963,0.1996161228,0.8524590164,0.432,0.8852459016,2.084,4.2704918033,2.0491803279,18.571429,14.320137,2.841962,6.052863,4.356663,2.315549,31.5,32.843242,1.1290322581,70,20.6666666667
0,non_fiction,hobbies,ce36,0.5542168675,0.1949152542,0.8214285714,0.9485714286,1.4821428571,2.6971428571,4.2142857143,1.5625,27.826667,13.298996,2.977175,7.260747,4.378055,2.433664,31.4,43.320203,1.9,38,6.6666666667
0,non_fiction,government,ch01,0.2891566265,0.0789473684,1.4117647059,0.8829787234,4.8823529412,3.2340425532,17.8823529412,5.5294117647,14.127517,12.683704,2.867847,6.829989,5.481235,3.115779,41,55.111457,0.9047619048,19,21
0,non_fiction,government,ch02,0.345177665,0.1413721414,0.6296296296,0.8755555556,1.8240740741,2.1377777778,4.4537037037,2.0833333333,18.75,14.919251,3.090652,7.634553,5.092117,2.960207,35.125,40.47974,7.3333333333,44,6
0,non_fiction,government,ch03,0.5031446541,0.1975308642,0.3980099502,1.0063291139,0.7910447761,2.5632911392,2.0149253731,0.7860696517,24.554217,16.247523,2.915594,8.280665,4.529441,2.683659,28.375,34.88172,0.7142857143,15,4.2
0,non_fiction,government,ch04,0.5757575758,0.1125925926,2.7142857143,0.75,4.7142857143,3.8352272727,24.1071428571,6.2857142857,17.243902,10.219813,2.980337,7.872556,5.162111,2.929765,27.333333,34.477851,1.619047619,34,21
0,non_fiction,government,ch05,0.4176470588,0.1446028513,1.2033898305,0.9550561798,2.8813559322,2.7584269663,8.3220338983,3.0169491525,24.506024,13.282268,3.124424,8.538781,4.925762,2.759785,29.125,33.598503,0.35,7,20
0,non_fiction,government,ch06,0.2515337423,0.0724381625,1.5769230769,0.7912621359,6.2692307692,2.7475728155,21.7692307692,7.9230769231,20.401869,13.237486,2.52662,7.569079,5.374714,3.068427,29.230769,42.992224,1.7083333333,41,24
0,non_fiction,government,ch07,0.3350515464,0.1085141903,1.2264150943,0.9948717949,3.6603773585,3.0717948718,11.3018867925,3.679245283,16.165414,9.788117,3.075823,7.705133,5.057209,2.818705,30,46.069118,2.1428571429,15,7
0,non_fiction,government,ch08,0.9459459459,0.175879397,0.6140350877,0.4302325581,0.649122807,2.3139534884,3.4912280702,1.5087719298,25.580247,18.358477,3.20743,9.195689,4.680502,2.602391,38.111111,55.1955,1.4736842105,28,19
0,non_fiction,government,ch09,0.2705882353,0.0931174089,2.7058823529,0.8415841584,10,2.4455445545,29.0588235294,11.8823529412,20.557692,26.401059,3.399046,10.28998,4.957905,2.921343,36.909091,39.61968,2.8888888889,26,9
0,non_fiction,government,ch10,0.124260355,0.0463576159,1.5,0.9602272727,12.0714285714,2.5738636364,32.3571428571,12.5714285714,19.299065,13.280732,2.597484,7.859393,5.553995,3.097154,35.8,43.041375,0.8571428571,24,28
0,non_fiction,government,ch11,0.3461538462,0.0834621329,6,0.8666666667,17.3333333333,3.5944444444,71.8888888889,20,20.821782,11.773772,2.564634,7.393271,5.292915,3.243309,25.727273,42.123392,5.8,29,5
0,non_fiction,government,ch12,0.5212765957,0.1189320388,2.5789473684,0.4676616915,4.9473684211,2.0497512438,21.6842105263,10.5789473684,27.126582,26.381988,4.972158,13.92986,4.629025,2.731581,34.555556,39.327997,1.6,8,5
0,non_fiction,government,ch13,0.6267605634,0.168241966,1,0.6635514019,1.595505618,2.4719626168,5.9438202247,2.404494382,20.064815,11.99558,2.590692,7.216612,4.725472,2.694859,34,48.636406,2.2727272727,50,1.4666666667
0,non_fiction,government,ch14,0.691588785,0.1513292434,2.6428571429,0.4908256881,3.8214285714,2.2431192661,17.4642857143,7.7857142857,18.830357,14.916367,4.264646,11.094118,4.880152,2.834674,37.833333,39.012462,0.4716981132,25,53
0,non_fiction,government,ch15,0.5594405594,0.1346801347,1.8604651163,0.6842105263,3.3255813953,2.8421052632,13.8139534884,4.8604651163,13.429487,7.42666,2.94382,6.80814,4.798664,2.594864,31.2,50.073546,8,32,4
0,non_fiction,government,ch16,0.5363636364,0.1029668412,1.1346153846,0.5729166667,2.1153846154,2.984375,11.0192307692,3.6923076923,26.962025,17.165201,3.116959,9.001839,4.89728,2.912136,37.111111,42.207015,0.186440678,11,59
0,non_fiction,government,ch17,0.8333333333,0.1581027668,0.6060606061,0.4247787611,0.7272727273,2.2389380531,3.8333333333,1.7121212121,21.613208,15.646792,3.424514,10.034279,4.694893,2.939944,34.916667,48.167171,0.4561403509,26,57
0,non_fiction,government,ch18,0.5668789809,0.2253164557,0.5632911392,0.7072072072,0.9936708861,1.7792792793,2.5,1.4050632911,24.176471,16.673457,2.842324,7.612142,4.749878,2.759054,28.375,31.076267,3.7142857143,26,0.2592592593
0,non_fiction,government,ch19,0.512987013,0.1837209302,1.196969697,0.712962963,2.3333333333,1.9907407407,6.5151515152,3.2727272727,22.021739,13.559834,2.890157,7.955345,4.942251,2.769015,30.571429,34.960619,2.7777777778,25,0.6923076923
0,non_fiction,government,ch20,0.4253731343,0.0828488372,2.7142857143,0.7243243243,6.380952381,3.7189189189,32.7619047619,8.8095238095,20.813084,17.78224,3.24163,8.989715,5.146385,2.857668,41.571429,43.140492,27,27,1
0,non_fiction,government,ch21,0.4239130435,0.1447124304,1.6595744681,0.9633507853,3.914893617,2.8219895288,11.4680851064,4.0638297872,23.8,10.855823,2.760309,7.787895,5.124183,2.968789,33,39.863657,10.8,54,5
0,non_fiction,government,ch22,0.3838383838,0.0780287474,2.5333333333,0.5294117647,6.6,2.6042780749,32.4666666667,12.4666666667,27.710843,27.225754,4.189435,14.090541,4.978696,2.986925,31.1,33.545342,5.6666666667,17,3
0,non_fiction,government,ch23,0.4090909091,0.1212121212,2,1.0476190476,4.8888888889,3.5357142857,16.5,4.6666666667,29.4,20.832255,3.708108,8.627498,5.186589,3.005854,35.111111,40.708843,7.25,58,8
0,non_fiction,government,ch24,0.4814814815,0.1111111111,0.313253012,0.4556962025,0.6506024096,1.9746835443,2.8192771084,1.4277108434,17.377953,13.705525,3.95,8.395854,4.45434,2.43007,32.444444,47.425055,1.3333333333,4,3
0,non_fiction,government,ch25,0.462585034,0.1404958678,0.5354330709,0.9423076923,1.157480315,3.1025641026,3.811023622,1.2283464567,25.283951,13.044307,2.705416,8.301717,4.798828,2.784857,49,43.660623,1.2826086957,19.6666666667,46
0,non_fiction,government,ch26,0.6044776119,0.1368243243,0.8709677419,0.6836734694,1.4408602151,3.0204081633,6.3655913978,2.1075268817,28.785714,10.60309,2.786999,7.779037,4.944417,2.752826,35.888889,42.104221,0.6216216216,23,37
0,non_fiction,government,ch27,0.3652694611,0.1009933775,0.8356164384,0.7625570776,2.2876712329,2.7579908676,8.2739726027,3,19.311927,11.154213,2.582822,6.297352,5.141568,2.797506,23.166667,39.68592,2.8,28,10
0,non_fiction,government,ch28,0.1824817518,0.0475285171,0.9259259259,0.7445652174,5.0740740741,2.8586956522,19.4814814815,6.8148148148,17.386555,10.892222,2.715223,8.727668,5.363944,3.016064,37.111111,46.753359,1.1578947368,22,19
0,non_fiction,government,ch29,0.5243902439,0.1598513011,1.72,1.0649350649,3.28,3.4935064935,10.76,3.08,28.616438,13.698945,2.849932,7.707431,4.944471,2.930792,32.222222,39.48777,1.4615384615,19,13
0,non_fiction,government,ch30,0.4782608696,0.1362831858,0.631147541,0.696969697,1.3196721311,2.4458874459,4.631147541,1.893442623,20.454545,9.306534,2.442702,6.449257,5.330864,3.100961,24.7,35.603511,2.1666666667,26,1.7142857143
0,non_fiction,learned,cj01,0.3963414634,0.1083333333,4.0625,1.1468531469,10.25,4.1958041958,37.5,8.9375,28.929577,12.658376,3.511111,11.146896,4.875852,2.884784,33.25,34.87388,5.8333333333,35,6
0,non_fiction,learned,cj02,0.4754098361,0.0861812779,3.0526315789,0.5754716981,6.4210526316,3.1745283019,35.4210526316,11.1578947368,18.252252,9.625855,3.326765,10.517635,4.804047,2.822943,17.909091,31.497343,0.7777777778,7,9
0,non_fiction,learned,cj03,0.2625698324,0.0843806104,1.2702702703,0.9944444444,4.8378378378,3.0944444444,15.0540540541,4.8648648649,24.25,11.118276,3.417785,10.270745,4.634266,2.772377,22.6,29.100515,0.4545454545,10,22
0,non_fiction,learned,cj04,0.4432432432,0.1211225997,3.1538461538,0.9536082474,7.1153846154,3.4896907216,26.0384615385,7.4615384615,19.19469,10.32212,3.0125,8.206272,4.803135,2.943681,26.583333,35.581967,3.9230769231,51,13
0,non_fiction,learned,cj05,0.572815534,0.2110912343,6.2105263158,0.8765957447,10.8421052632,2.3787234043,29.4210526316,12.3684210526,21.936842,11.082286,2.767596,6.887285,5.262476,2.972638,26.727273,34.383111,6.25,50,8
0,non_fiction,learned,cj06,0.5583333333,0.1009036145,3.7222222222,0.5797101449,6.6666666667,3.2077294686,36.8888888889,11.5,25.37037,15.115559,3.25832,9.295373,5.06177,2.993602,22.125,32.351343,31,31,1
0,non_fiction,learned,cj07,0.3190184049,0.0808709176,4,1.0584415584,12.5384615385,4.1753246753,49.4615384615,11.8461538462,21.470588,10.265787,3.288288,10.51887,4.878082,2.887894,30.3,36.265824,4.3333333333,39,9
0,non_fiction,learned,cj08,0.3035714286,0.1271028037,1.5111111111,1.2444444444,4.9777777778,2.9722222222,11.8888888889,4,17.876106,7.496468,2.652231,6.198472,5.168728,2.984163,28.75,42.839088,6,18,3
0,non_fiction,learned,cj09,0.3732394366,0.080060423,10.6,0.6543778802,28.4,3.0506912442,132.4,43.4,21.659794,10.801763,3.449918,7.775031,4.909091,3.141562,32.416667,41.377245,2.7647058824,47,17
0,non_fiction,learned,cj10,0.8591549296,0.2387475538,1.0517241379,0.6995073892,1.224137931,2.5172413793,4.4051724138,1.75,20.762887,9.317729,2.595361,7.107146,4.466733,2.283448,26.818182,42.430303,0.5789473684,3.6666666667,6.3333333333
0,non_fiction,learned,cj11,0.5705128205,0.1701720841,1.6181818182,0.8342245989,2.8363636364,2.7967914439,9.5090909091,3.4,20.019608,11.645903,2.785812,6.922429,4.719393,2.629991,31.1,33.125368,0.65,13,20
0,non_fiction,learned,cj12,0.3846153846,0.2,2.2727272727,1.5384615385,5.9090909091,2.9585798817,11.3636363636,3.8409090909,19.862745,10.34317,3.210777,8.302231,5.023198,2.912674,45.25,46.35933,0.6818181818,15,22
0,non_fiction,learned,cj13,0.5271317829,0.1382113821,2.4285714286,0.80625,4.6071428571,3.075,17.5714285714,5.7142857143,26.736842,11.332729,3.776952,9.868582,4.722933,2.69651,38.888889,38.269351,0.2769230769,18,65
0,non_fiction,learned,cj14,0.5590551181,0.1203389831,1.6136363636,0.6165048544,2.8863636364,2.8640776699,13.4090909091,4.6818181818,19.166667,11.924531,2.804878,7.788351,5.220773,3.124325,42.25,39.155938,51,51,0.2
0,non_fiction,learned,cj15,0.2613636364,0.1183533448,3.6315789474,1.3968253968,13.8947368421,3.0846560847,30.6842105263,9.9473684211,17.756522,8.681406,2.524104,7.064753,5.305093,3.091561,42.888889,68.725613,3,21,7
0,non_fiction,learned,cj16,0.4759036145,0.1238244514,7.9,0.8258706468,16.6,3.1741293532,63.8,20.1,22.258065,13.159814,3.703041,8.262325,5.048792,2.874347,25.909091,28.741653,25,50,2
0,non_fiction,learned,cj17,0.3108614232,0.1537037037,2.0243902439,1.2027027027,6.512195122,2.4324324324,13.1707317073,5.4146341463,24.360465,12.947939,3.071848,9.413091,5.78568,3.45339,24.2,31.153812,1.8181818182,6.6666666667,11
0,non_fiction,learned,cj18,0.7108433735,0.1983193277,1.7878787879,1.2296296296,2.5151515152,4.4074074074,9.0151515152,2.0454545455,16.126984,10.360168,5.291667,13.377466,4.139764,2.883764,32.6,42.51635,0.7857142857,11,2.8
0,non_fiction,learned,cj19,0.6754385965,0.1466666667,1.350877193,0.6909090909,2,3.1818181818,9.2105263158,2.8947368421,16.03937,11.141468,3.717153,9.169646,4.536082,2.776806,46.2,41.36617,0.4210526316,32,4.4705882353
0,non_fiction,learned,cj20,0.485915493,0.1148086522,1.3529411765,0.9466666667,2.7843137255,4.0066666667,11.7843137255,2.9411764706,19.018519,11.78667,5.02445,11.784096,4.130414,2.655852,31.222222,34.463436,37,37,1
0,non_fiction,learned,cj21,0.5446428571,0.0934150077,1.3555555556,0.8421052632,2.4888888889,4.9097744361,14.5111111111,2.9555555556,25.948718,13.68407,6.266254,15.314161,4.151186,2.684288,33.444444,42.695592,0.4444444444,4,9
0,non_fiction,learned,cj22,0.380952381,0.1799591002,1.0864197531,1.0087336245,2.8518518519,2.135371179,6.037037037,2.8271604938,23.523256,11.342169,2.541457,6.952064,5.385566,2.999857,37.6,29.877082,9,18,2
0,non_fiction,learned,cj23,0.3822393822,0.193359375,1.2375,1.3489583333,3.2375,2.6666666667,6.4,2.4,18.527273,9.533395,2.557089,7.402961,5.244357,2.944724,50.285714,58.701945,3.6666666667,33,9
0,non_fiction,learned,cj24,0.4482758621,0.1805555556,1.4857142857,1.2406417112,3.3142857143,3.0802139037,8.2285714286,2.6714285714,31.615385,12.837076,2.449344,7.329598,5.272019,3.027766,27.181818,33.184931,1.175,15.6666666667,13.3333333333
0,non_fiction,learned,cj25,0.2962962963,0.0924092409,1.75,1.08,5.90625,3.4628571429,18.9375,5.46875,17.133333,12.276626,3.068657,9.539301,5.268969,3.024403,43,40.665886,0.7272727273,24,33
0,non_fiction,learned,cj26,0.3854166667,0.1319073084,2.5517241379,1.0322580645,6.6206896552,3.0161290323,19.3448275862,6.4137931034,20.39,10.862684,2.594148,7.014845,5.317803,3.113676,43.375,40.681499,4.25,34,8
0,non_fiction,learned,cj27,0.9078014184,0.2969837587,1.1428571429,0.615720524,1.2589285714,1.8820960699,3.8482142857,2.0446428571,21.336842,10.669791,2.831006,6.620452,4.810064,2.60411,30.3,32.729345,0.7105263158,27,5.4285714286
0,non_fiction,learned,cj28,0.6928571429,0.224537037,0.6178343949,0.6034482759,0.8917197452,1.8620689655,2.7515923567,1.4777070064,23.545455,13.862071,3.380098,7.543289,5.126448,2.979569,29.727273,25.020322,0.8431372549,43,17
0,non_fiction,learned,cj29,0.3741935484,0.1045045045,0.8656716418,0.6888888889,2.3134328358,2.4666666667,8.2835820896,3.3582089552,21.65625,10.921909,2.875519,7.831454,5.275613,3.071465,28.222222,35.470732,3.6,36,10
0,non_fiction,learned,cj30,0.6697247706,0.1586956522,0.477124183,0.375862069,0.7124183007,1.5862068966,3.0065359477,1.8954248366,19.5,12.201828,2.793388,7.128012,4.827909,2.819779,29.7,35.533224,1.1333333333,34,10
0,non_fiction,learned,cj31,0.7716049383,0.3360215054,0.6188118812,0.7605633803,0.801980198,1.7464788732,1.8415841584,1.0544554455,33.52459,21.966149,2.778533,6.5745,4.689487,2.828412,36.454545,53.297388,1.3095238095,11,3.8181818182
0,non_fiction,learned,cj32,1.0163934426,0.0959752322,1.7222222222,0.2663755459,1.6944444444,2.8209606987,17.9444444444,6.3611111111,20.484848,9.793178,4.420479,12.802662,4.675209,2.821183,28.625,31.665981,26,52,2
0,non_fiction,learned,cj33,0.75,0.3185840708,2.2040816327,1.252173913,2.9387755102,2.947826087,6.9183673469,2.3469387755,21.103093,14.084783,3.840525,8.904059,4.562775,2.630259,24.272727,27.432863,0.1714285714,6,1.5909090909
0,non_fiction,learned,cj34,0.5185185185,0.2445414847,1.4358974359,1.2342857143,2.7692307692,2.6171428571,5.8717948718,2.2435897436,19.524272,10.376266,2.793056,6.510053,5.195425,3.04011,25.888889,37.465375,1.3636363636,15,11
0,non_fiction,learned,cj35,0.5474860335,0.1910331384,1.0315789474,1.1401273885,1.8842105263,3.2675159236,5.4,1.6526315789,20.134615,12.810796,2.576876,5.762248,4.775656,2.998055,36.166667,44.881016,1.8421052632,35,2.7142857143
0,non_fiction,learned,cj36,0.6899224806,0.2022727273,0.8476190476,0.6231884058,1.2285714286,2.1256038647,4.1904761905,1.9714285714,24.97561,15.303416,2.596958,7.219344,4.799902,2.603819,34.555556,36.365769,0.3333333333,19,57
0,non_fiction,learned,cj37,0.455026455,0.1755102041,2.6875,0.984375,5.90625,2.5520833333,15.3125,6,24.807229,9.575896,2.668394,8.884048,5.246602,3.02664,33.125,46.315325,1,15,15
0,non_fiction,learned,cj38,0.3157894737,0.1333333333,2.1176470588,1.0654205607,6.7058823529,2.523364486,15.8823529412,6.2941176471,21.473684,9.677801,3.044776,7.114486,5.235784,2.826137,21.333333,31.780497,4.75,19,4
0,non_fiction,learned,cj39,0.9189189189,0.2677165354,1.6385542169,0.6666666667,1.7831325301,2.2882882883,6.1204819277,2.6746987952,21.884211,14.185881,2.538462,7.44139,4.761905,2.62862,40.2,43.203704,0.6833333333,41,4
0,non_fiction,learned,cj40,0.4792899408,0.1588235294,1.6875,0.8894736842,3.5208333333,2.6842105263,10.625,3.9583333333,29.028571,16.144854,2.983847,8.84844,4.86122,2.612702,19.636364,30.67505,3.1666666667,19,1.2
0,non_fiction,learned,cj41,0.5827338129,0.1391752577,1.265625,0.7354497354,2.171875,3.0793650794,9.09375,2.953125,24.666667,15.103873,3.630473,10.540808,4.750121,2.634383,31.3,31.774361,1.3428571429,47,35
0,non_fiction,learned,cj42,0.4200913242,0.1821782178,1.2957746479,1.1173469388,3.0845070423,2.5765306122,7.1126760563,2.7605633803,22.472527,11.568564,2.786104,7.970434,5.197555,3.051328,35.777778,35.288581,1.275862069,37,29
0,non_fiction,learned,cj43,0.3586956522,0.1178571429,1.4347826087,0.8598130841,4,2.6168224299,12.1739130435,4.652173913,21.252632,10.451863,2.653088,7.257821,5.132739,2.898175,35.2,33.19277,0.8163265306,40,7
0,non_fiction,learned,cj44,0.5,0.1075471698,1.5833333333,0.5135135135,3.1666666667,2.3873873874,14.7222222222,6.1666666667,26.589744,12.849659,3.405583,9.354259,5.020251,3.120309,30.4,31.834572,1.1111111111,20,6
0,non_fiction,learned,cj45,0.5824175824,0.0983302412,1.2325581395,0.4460784314,2.1162790698,2.6421568627,12.5348837209,4.7441860465,18.740741,12.520628,3.339934,9.604212,5.046443,3.038751,26.2,31.217944,1.0625,17,5.3333333333
0,non_fiction,learned,cj46,0.9462365591,0.2046511628,0.967032967,0.4305555556,1.021978022,1.9907407407,4.7252747253,2.3736263736,22.655556,12.451828,2.925395,8.866305,4.899951,2.884195,26,34.101453,1.1578947368,22,6.3333333333
0,non_fiction,learned,cj47,0.4591194969,0.1382575758,0.7448979592,0.6115384615,1.6224489796,2.0307692308,5.387755102,2.6530612245,17.608696,11.122789,2.653997,7.062969,5.124938,2.871692,44.166667,43.982635,1.125,9,8
0,non_fiction,learned,cj48,0.8490566038,0.1717557252,1.0975609756,0.5921787709,1.2926829268,2.9273743017,6.3902439024,2.1829268293,17.894737,10.041465,3.058471,6.992684,5.004412,2.826256,39.777778,39.247867,2.0526315789,39,0.358490566
0,non_fiction,learned,cj49,0.3090909091,0.1312741313,0.7640449438,1.3664596273,2.4719101124,3.2173913043,5.8202247191,1.808988764,25.728395,12.438503,3.148036,7.915289,5.118522,2.823819,27.666667,31.513665,4.3333333333,65,1.6666666667
0,non_fiction,learned,cj50,0.567251462,0.1713780919,2.425,0.9344262295,4.275,3.0928961749,14.15,4.575,29.971429,16.728053,3.47351,9.41963,4.9347,2.808646,32.583333,33.959432,0.7796610169,15.3333333333,59
0,non_fiction,learned,cj51,0.2469135802,0.1140684411,0.9523809524,1.3135135135,3.8571428571,2.8432432432,8.3492063492,2.9365079365,20.22,11.162957,2.520548,7.737152,5.256917,3.096951,28.9,33.60491,0.8125,13,1.4545454545
0,non_fiction,learned,cj52,0.974137931,0.3656957929,0.5,0.4677419355,0.5132743363,1.2459677419,1.3672566372,1.0973451327,21.020833,12.923637,3.695971,7.831739,4.278989,2.303951,32.5,37.037144,0.2222222222,4,1.0588235294
0,non_fiction,learned,cj53,0.8834355828,0.345323741,1.0510948905,0.7951219512,1.1897810219,2.0341463415,3.0437956204,1.496350365,28.760563,16.368524,2.981022,7.799191,4.709598,2.686418,36.8,45.888561,1.4,35,1.6666666667
0,non_fiction,learned,cj54,0.5700483092,0.2604856512,1.7101449275,1.0670103093,3,2.3350515464,6.5652173913,2.8115942029,20.886598,9.823049,2.608752,7.969945,4.904292,2.643926,36.125,41.843272,2.6666666667,24,9
0,non_fiction,learned,cj55,1.7857142857,0.2485089463,0.8503401361,0.2287581699,0.4761904762,1.6437908497,3.4217687075,2.0816326531,23.593023,10.095334,2.438702,6.815818,4.521439,2.28742,24.636364,37.765479,0.3928571429,11,5.6
0,non_fiction,learned,cj56,0.8933333333,0.1100164204,1.5227272727,0.5244755245,1.7045454545,4.2587412587,13.8409090909,3.25,20.49,11.128787,2.583859,6.916059,4.810151,2.652949,42.444444,47.637779,0.2333333333,14,60
0,non_fiction,learned,cj57,0.4444444444,0.2041763341,0.6875,1.1647058824,1.546875,2.5352941176,3.3671875,1.328125,23.390805,13.772667,2.72423,7.849419,4.692875,2.69817,34.125,28.906909,0.6176470588,21,6.8
0,non_fiction,learned,cj58,0.4942528736,0.0757042254,0.4623655914,0.4162679426,0.935483871,2.7177033493,6.1075268817,2.247311828,25.097561,13.139597,2.8,8.258873,4.819242,2.663576,37.888889,41.232254,0.1470588235,10,68
0,non_fiction,learned,cj59,1.0158730159,0.2922374429,1.1743119266,0.520661157,1.1559633028,1.8099173554,4.0183486239,2.2201834862,28.486111,13.097914,3.06577,8.445827,4.740614,2.635134,36.444444,38.497074,3.75,75,20
0,non_fiction,learned,cj60,0.8831168831,0.2411347518,1.8888888889,0.793814433,2.1388888889,2.9072164948,7.8333333333,2.6944444444,26.240506,11.606649,2.347678,6.824135,4.88712,2.624754,34.4,36.903116,1.3125,63,16
0,non_fiction,learned,cj61,0.7682119205,0.2543859649,1.3647058824,0.6015936255,1.7764705882,1.8167330677,5.3647058824,2.9529411765,23.089888,12.670093,2.434834,7.271757,4.613139,2.464487,39.777778,51.576863,0.2857142857,14,49
0,non_fiction,learned,cj62,0.6447368421,0.239608802,0.5,0.7487684729,0.7755102041,2.0147783251,2.0867346939,1.0357142857,24.117647,10.895668,2.507335,6.931772,4.649439,2.753744,32.428571,38.496223,0.8571428571,12,14
0,non_fiction,learned,cj63,0.510989011,0.1941544885,0.756097561,0.875,1.4796747967,2.3028846154,3.8943089431,1.6910569106,23.386364,14.236981,2.60177,6.61393,4.896987,2.790216,32.3,42.016782,0.4736842105,18,2.5333333333
0,non_fiction,learned,cj64,0.5789473684,0.1918604651,0.6036585366,0.76,1.0426829268,2.2933333333,3.1463414634,1.3719512195,18.178571,8.085717,2.363109,7.333721,4.713304,2.608713,34.8,38.731899,1.0243902439,42,13.6666666667
0,non_fiction,learned,cj65,0.5578231293,0.1906976744,0.6612903226,0.8698224852,1.185483871,2.5443786982,3.4677419355,1.3629032258,25.04878,14.251147,2.80985,7.59622,4.39776,2.397056,53.777778,36.413605,0.4731182796,44,93
0,non_fiction,learned,cj66,0.510989011,0.1700182815,0.7153846154,1.1165644172,1.4,3.3558282209,4.2076923077,1.2538461538,17.964602,10.130065,2.391048,6.508685,4.802463,2.743715,38.5,51.649298,4.0476190476,85,7
0,non_fiction,learned,cj67,0.400921659,0.1981776765,1.011627907,1.118556701,2.523255814,2.2628865979,5.1046511628,2.2558139535,26.25641,13.019153,2.677124,7.082082,4.837402,2.675377,26,28.534579,3.4444444444,31,9
0,non_fiction,learned,cj68,0.8467741935,0.1804123711,0.5833333333,0.5585585586,0.6888888889,2.6216216216,3.2333333333,1.2333333333,36.070175,17.621617,2.368664,6.81267,4.719358,2.732485,44.272727,50.598403,0.3333333333,15.3333333333,46
0,non_fiction,learned,cj69,0.5,0.1058823529,3.15,0.5833333333,6.3,2.7546296296,29.75,10.8,20.156863,11.596775,4.02544,9.446178,4.847837,2.746755,30.3,37.094609,1.9090909091,21,11
0,non_fiction,learned,cj70,0.3581081081,0.0819165379,4.0769230769,0.5967741935,11.3846153846,2.6088709677,49.7692307692,19.0769230769,17.788136,7.693109,3.296703,8.855807,4.77619,2.715108,30.5,45.135906,9.6666666667,29,3
0,non_fiction,learned,cj71,0.5028571429,0.1568627451,1.6923076923,0.8064516129,3.3653846154,2.5852534562,10.7884615385,4.1730769231,16.365079,7.620569,2.753004,6.560726,5.393307,3.060181,33,46.735663,2.7,27,10
0,non_fiction,learned,cj72,0.2578947368,0.0671232877,3.0625,1.0857142857,11.875,4.1714285714,45.625,10.9375,18.9375,11.437939,2.335903,6.711368,5.478548,3.35902,52.375,51.683986,63,63,1
0,non_fiction,learned,cj73,0.3259259259,0.0811808118,4,0.775862069,12.2727272727,3.1149425287,49.2727272727,15.8181818182,11.562162,8.372263,2.756443,7.574796,5.267882,3.189328,38.75,57.304923,1.25,20,8
0,non_fiction,learned,cj74,0.4201183432,0.1058122206,4.7333333333,0.7716894977,11.2666666667,3.0639269406,44.7333333333,14.6,19.175926,12.14254,2.761333,7.192985,5.464993,3.317805,28.272727,42.244076,3.1111111111,28,3
0,non_fiction,learned,cj75,0.875,0.1524288107,5.0555555556,0.4727272727,5.7777777778,2.7136363636,33.1666666667,12.2222222222,22.163043,13.018613,3.729433,12.122769,4.771569,2.772727,22.333333,32.174869,1.3333333333,4,0.6
0,non_fiction,learned,cj76,0.6046511628,0.164556962,3.4666666667,0.7510917031,5.7333333333,2.7598253275,21.0666666667,7.6333333333,21.683673,12.069186,2.48538,6.428879,5.031529,2.823005,32.083333,47.429699,5.4,54,10
0,non_fiction,learned,cj77,0.5087719298,0.1046931408,6.4444444444,0.4367816092,12.6666666667,2.122605364,61.5555555556,29,18.97541,11.618571,3.307143,9.024646,4.653564,2.735903,31.75,41.503263,13.1428571429,92,7
0,non_fiction,learned,cj78,0.3333333333,0.1016200295,2.76,1.0615384615,8.28,3.4820512821,27.16,7.8,17.583333,10.053675,3.077259,7.745111,5.153955,3.180126,37.272727,41.00131,5.4444444444,49,9
0,non_fiction,learned,cj79,0.6803278689,0.1443478261,1.9302325581,0.6130653266,2.8372093023,2.8894472362,13.3720930233,4.6279069767,21.195876,10.102199,4.328421,13.512004,4.428016,2.672397,23.9,30.104651,1.375,3.6666666667,8
0,non_fiction,learned,cj80,0.487012987,0.1217532468,3.75,0.6936936937,7.7,2.7747747748,30.8,11.1,17.991379,8.8974,3.90824,11.832516,4.955438,2.986221,31.111111,40.7334,14.6666666667,44,3
1,fiction,fiction,ck01,1.112,0.3195402299,0.5537848606,0.425170068,0.4980079681,1.4795918367,1.7330677291,1.171314741,11.994186,9.534818,2.651671,6.233111,4.29714,2.259558,73.75,57.312193,0.2846153846,37,7.6470588235
1,fiction,fiction,ck02,1.1944444444,0.2756410256,0.6354679803,0.36,0.5320197044,1.56,2.3054187192,1.4778325123,14.468085,8.981899,2.391559,6.247083,4.361275,2.126483,45.111111,45.722458,0.4444444444,5.6,4.8461538462
1,fiction,fiction,ck03,0.8684210526,0.2414634146,0.4267241379,0.4615384615,0.4913793103,1.6599190283,1.7672413793,1.0646551724,15,9.466807,2.527675,6.652564,4.102676,2.159947,52.142857,45.113915,0.3965517241,23,3.8666666667
1,fiction,fiction,ck04,0.9852941176,0.3300492611,0.8375,0.5913043478,0.85,1.7652173913,2.5375,1.4375,15.790698,10.622978,2.726908,6.878783,4.426117,2.274933,35.2,45.663552,0.5135135135,6.3333333333,3.3636363636
1,fiction,fiction,ck05,2.1333333333,0.4166666667,0.6477732794,0.2757352941,0.3036437247,1.4117647059,1.5546558704,1.1012145749,11.632184,7.898952,2.757493,6.579718,4.14081,2.078127,34.545455,59.104474,0.0588235294,0.4,6.8
1,fiction,fiction,ck06,0.944,0.2505307856,0.6210526316,0.4340277778,0.6578947368,1.6354166667,2.4789473684,1.5157894737,10.209756,6.841046,2.270065,6.441103,4.419971,2.201273,64.444444,53.919922,0.3647058824,0.5081967213,7.7272727273
1,fiction,fiction,ck07,1.9238095238,0.677852349,0.6453674121,0.3301886792,0.3354632588,0.9371069182,0.9520766773,1.0159744409,8.354167,6.881405,2.685408,5.614462,4.040877,2.045184,54.818182,62.90515,0.2391304348,0.4888888889,1.9574468085
1,fiction,fiction,ck08,1.5510204082,0.3968668407,0.7272727273,0.3888888889,0.4688995215,1.5198412698,1.8325358852,1.2057416268,14.387324,13.133576,2.768293,6.78007,4.338228,2.289956,57.625,42.408541,0.1208791209,0.3793103448,2.2195121951
1,fiction,fiction,ck09,1.6857142857,0.3097112861,0.4738955823,0.2527075812,0.281124498,1.3754512635,1.5301204819,1.1124497992,21.860215,11.944848,2.929395,7.72935,4.071323,2.046515,38.375,43.072432,0.34375,1,32
1,fiction,fiction,ck10,1.1354166667,0.2224489796,0.5677083333,0.3189368771,0.5,1.6279069767,2.5520833333,1.5677083333,13.076923,8.738024,2.331429,6.52747,4.391667,2.219793,52.444444,45.826026,0.1866666667,0.4242424242,2.5862068966
1,fiction,fiction,ck11,1.2873563218,0.2348008386,0.5572139303,0.2852459016,0.4328358209,1.5639344262,2.3731343284,1.5174129353,13.236842,10.311425,2.738776,8.012902,4.154993,2.020959,57.375,57.982621,0.4489795918,4.4,1.6896551724
1,fiction,fiction,ck12,0.8359375,0.2085769981,0.5023474178,0.4368600683,0.6009389671,1.7508532423,2.4084507042,1.3755868545,14.863309,9.86032,2.214362,5.710516,4.545499,2.367314,52.7,52.909451,0.6666666667,54,9
1,fiction,fiction,ck13,1.1717171717,0.2624434389,0.5296803653,0.3694029851,0.4520547945,1.6492537313,2.0182648402,1.2237442922,14.647482,10.664851,2.647594,7.255642,4.274558,2.15047,57.75,47.578225,0.5068493151,37,2.92
1,fiction,fiction,ck14,0.9811320755,0.2126789366,0.4928909953,0.3667820069,0.5023696682,1.6920415225,2.317535545,1.3696682464,14.607143,9.558613,2.434524,6.111114,4.470905,2.379776,42.777778,43.232647,0.1754385965,3.3333333333,6.3333333333
1,fiction,fiction,ck15,1.2413793103,0.2164328657,0.495412844,0.2833876221,0.3990825688,1.6254071661,2.2889908257,1.4082568807,16.07874,8.910408,2.563363,6.812238,4.362212,2.188159,54.125,49.677554,0.0102040816,0.0666666667,6.5333333333
1,fiction,fiction,ck16,0.7662337662,0.2393509128,0.8309859155,0.6209677419,1.0845070423,1.9879032258,3.4718309859,1.7464788732,16.23622,10.537116,2.170526,6.363578,4.366149,2.163599,35.1,45.493846,1.52,38,1.4705882353
1,fiction,fiction,ck17,1.0204081633,0.1937984496,0.4975124378,0.392,0.4875621891,2.064,2.5671641791,1.2437810945,10.903743,7.550283,2.396005,6.123249,4.299657,2.270124,73.285714,50.728167,0.1826086957,2.3333333333,2.8048780488
1,fiction,fiction,ck18,1.1848739496,0.376,0.4878892734,0.4456928839,0.4117647059,1.404494382,1.2975778547,0.9238754325,13.662252,9.557,2.787838,6.467349,4.022298,2.208802,65.6,52.301434,0.0093457944,1,11.8888888889
1,fiction,fiction,ck19,1.2169811321,0.3108433735,0.6323529412,0.3826714801,0.5196078431,1.4981949458,2.0343137255,1.3578431373,17.694915,13.439449,2.848568,8.006153,4.26772,2.301023,46.125,38.181925,0.2876712329,21,4.8666666667
1,fiction,fiction,ck20,0.9322033898,0.252293578,0.4782608696,0.462745098,0.5130434783,1.7098039216,1.8956521739,1.1086956522,14.818841,9.183504,2.308126,5.864235,4.366748,2.358249,56.222222,49.517175,0.2920353982,3,5.9473684211
1,fiction,fiction,ck21,0.9516129032,0.264573991,0.6145833333,0.3542857143,0.6458333333,1.2742857143,2.3229166667,1.8229166667,9.869565,6.190798,2.452581,6.676218,4.300538,2.099748,61.285714,56.977976,2.1481481481,4.4615384615,0.5510204082
1,fiction,fiction,ck22,1.4935064935,0.2538631347,0.4389312977,0.2759856631,0.2938931298,1.623655914,1.7290076336,1.0648854962,15.313433,9.956186,2.570713,6.228016,4.218111,2.206952,66.375,56.99767,0.1698113208,1.6363636364,4.24
1,fiction,fiction,ck23,0.8979591837,0.2907488987,0.640776699,0.525,0.713592233,1.6214285714,2.2038834951,1.359223301,18.654545,11.694938,2.439952,7.278004,4.427388,2.217486,36.8,44.019995,0.4181818182,23,6.1111111111
1,fiction,fiction,ck24,2.2142857143,0.578358209,0.4740061162,0.2017291066,0.2140672783,0.7723342939,0.8195718654,1.0611620795,9.554545,9.990529,3.642981,7.432475,3.56137,1.759247,96,81.452879,0.1066666667,24,6.0810810811
1,fiction,fiction,ck25,1.3739130435,0.4103896104,0.6196078431,0.4674796748,0.4509803922,1.5650406504,1.5098039216,0.9647058824,30.343284,19.96456,2.519207,6.560315,4.327103,2.221998,28.555556,39.29408,1.0526315789,2.8571428571,6.3333333333
1,fiction,fiction,ck26,1.7058823529,0.3717948718,0.6092436975,0.3014184397,0.3571428571,1.3829787234,1.6386554622,1.1848739496,15.110294,9.741265,2.969653,6.627404,4.005353,1.898,47.727273,49.965608,0.1891891892,2.3333333333,5.2857142857
1,fiction,fiction,ck27,1.2282608696,0.2306122449,0.7533333333,0.3552123552,0.6133333333,1.8918918919,3.2666666667,1.7266666667,21.6875,13.378553,2.514493,7.875605,4.430355,2.327879,45.75,42.499265,0.2173913043,15,6.2727272727
1,fiction,fiction,ck28,1.3645833333,0.2847826087,0.4712230216,0.2926829268,0.345323741,1.4024390244,1.654676259,1.1798561151,10.97861,7.1095,2.831724,6.566316,3.981978,1.921034,63.545455,66.131224,0.1445783133,1.1428571429,6.1481481481
1,fiction,fiction,ck29,0.8507462687,0.2720763723,0.4401544402,0.4890510949,0.5173745174,1.5291970803,1.6177606178,1.0579150579,23.835294,16.698607,2.312785,6.404399,4.401283,2.424044,27,38.200428,0.9545454545,3,0.6666666667
1,fiction,mystery,cl01,1.3235294118,0.3813559322,0.472027972,0.3736263736,0.3566433566,1.2967032967,1.2377622378,0.9545454545,13.793333,9.632097,2.849862,6.973843,3.960367,2.187308,55.7,57.161263,0.1329113924,7,3.6744186047
1,fiction,mystery,cl02,1.623655914,0.4092140921,0.604,0.3059210526,0.372,1.2138157895,1.476,1.216,14.312925,10.155795,3.217125,8.534976,3.877376,2.168996,66.375,57.896324,0.1543209877,8.3333333333,7.0434782609
1,fiction,mystery,cl03,1.6853932584,0.3768844221,0.5016722408,0.2861736334,0.2976588629,1.2797427653,1.3311036789,1.0401337793,10.925926,9.884241,2.860111,6.525984,3.989831,1.933618,65.777778,52.486565,0.4068965517,59,1.9333333333
1,fiction,mystery,cl04,2.0379746835,0.38424821,0.71875,0.2762237762,0.3526785714,1.465034965,1.8705357143,1.2767857143,12.130952,6.400855,2.842399,6.994438,4.169284,2.046635,55.5,55.512011,0.35,14,4.4444444444
1,fiction,mystery,cl05,2.4594594595,0.423255814,0.8792270531,0.2402597403,0.3574879227,1.3961038961,2.077294686,1.4879227053,13.827815,9.898666,2.863201,6.961328,4.083612,2.061451,89.833333,47.844946,0.1558441558,24,4.6666666667
1,fiction,mystery,cl06,1.7659574468,0.421319797,0.6287878788,0.3032258065,0.3560606061,1.2709677419,1.4924242424,1.1742424242,14.090278,6.846444,3.060332,8.347251,4.083292,1.936259,39.125,51.849391,0.3939393939,13,11
1,fiction,mystery,cl07,1.6732673267,0.3772321429,0.8009478673,0.3740740741,0.4786729858,1.6592592593,2.1232227488,1.2796208531,14.486111,8.749592,2.627204,6.211192,4.185523,2.20598,77.833333,45.392425,0.3302752294,36,5.1904761905
1,fiction,mystery,cl08,2,0.5885558583,0.8962655602,0.3829787234,0.4481327801,1.3014184397,1.5228215768,1.1701244813,14.825175,12.525395,3.05036,5.80365,3.918868,2.064073,78.111111,67.049641,0.7631578947,7.7333333333,5.6296296296
1,fiction,mystery,cl09,1.6222222222,0.3348623853,0.6431718062,0.2950819672,0.3964757709,1.4295081967,1.9207048458,1.3436123348,12.858025,9.175832,2.997122,6.770651,4.178108,2.096212,54.777778,48.622761,0.4607843137,4.2727272727,7.8461538462
1,fiction,mystery,cl10,2.1842105263,0.4426666667,0.5286624204,0.2567567568,0.2420382166,1.2668918919,1.1942675159,0.9426751592,11.472222,7.563384,3.063798,6.380173,4.261985,2.181506,60.875,62.472869,0.1954022989,17,3
1,fiction,mystery,cl11,1.1623931624,0.3417085427,0.5787234043,0.4756097561,0.4978723404,1.6178861789,1.6936170213,1.0468085106,13.938776,11.397114,2.616858,6.019875,4.256223,2.266147,77.333333,46.172382,0.1100917431,12,4.037037037
1,fiction,mystery,cl12,1.4848484848,0.3387096774,0.6774193548,0.308411215,0.4562211982,1.3520249221,2,1.4792626728,10.545918,7.152346,2.387991,5.754568,4.3206,2.350197,77.875,63.27013,0.2075471698,11,4.5428571429
1,fiction,mystery,cl13,1.7634408602,0.4361702128,0.6332046332,0.290625,0.3590733591,1.175,1.4517374517,1.2355212355,11.774011,9.165447,2.870523,6.866679,3.990883,1.980571,69.875,58.426102,0.1654676259,4.6,5.56
1,fiction,mystery,cl14,1.2389380531,0.3211009174,0.9150326797,0.4484126984,0.7385620915,1.7301587302,2.8496732026,1.6470588235,10.314721,7.673703,2.643693,5.609806,4.353665,2.250509,52,56.712994,1.1836734694,19.3333333333,0.7538461538
1,fiction,mystery,cl15,0.9090909091,0.1992031873,0.5555555556,0.4583333333,0.6111111111,2.0916666667,2.7888888889,1.3333333333,13.529412,10.428755,2.531785,5.75983,4.416224,2.441317,55.888889,53.819543,0.25,26,11.5555555556
1,fiction,mystery,cl16,1.5844155844,0.2857142857,0.5781990521,0.2655172414,0.36492891,1.4724137931,2.0236966825,1.3744075829,11.306011,8.037094,2.845942,7.52353,4.204447,2.194783,61.222222,41.994121,0.3089430894,7.6,2.1578947368
1,fiction,mystery,cl17,1.4772727273,0.2653061224,0.6598984772,0.3211678832,0.4467005076,1.7883211679,2.4873096447,1.3908629442,17.065574,17.930073,2.472684,6.135434,4.324207,2.345531,43.25,49.868368,0.2962962963,5.7142857143,7.1052631579
1,fiction,mystery,cl18,2.4696969697,0.4630681818,0.5469798658,0.2024539877,0.2214765101,1.0797546012,1.1812080537,1.0939597315,15.096296,9.569143,2.936599,7.11345,4.06526,2.075645,54.5,45.670012,0.0825688073,9,3.5161290323
1,fiction,mystery,cl19,2.2602739726,0.3691275168,0.9322033898,0.2417218543,0.4124293785,1.4801324503,2.5254237288,1.7062146893,13.890411,8.43275,2.563843,7.356252,4.357988,2.152713,50.25,49.986873,0.0882352941,0.8571428571,3.2380952381
1,fiction,mystery,cl20,1.3047619048,0.3078651685,0.5637860082,0.3608247423,0.4320987654,1.529209622,1.8312757202,1.1975308642,11.828571,7.110096,2.696615,6.003722,3.845968,1.929199,74.888889,64.545323,0.3081395349,4.8181818182,4.6486486486
1,fiction,mystery,cl21,0.9016393443,0.2249488753,0.6470588235,0.4603773585,0.7176470588,1.8452830189,2.8764705882,1.5588235294,9.832536,6.012403,2.471154,6.636448,4.251946,2.155381,70.125,59.610061,0.3596491228,1.64,4.56
1,fiction,mystery,cl22,1.4311926606,0.4020618557,0.7027027027,0.4658119658,0.490990991,1.6581196581,1.7477477477,1.0540540541,14.65,10.421766,2.629487,6.071784,4.100439,2.121988,43.1,53.806041,0.4666666667,4,3.1578947368
1,fiction,mystery,cl23,2.0113636364,0.4633507853,0.6389891697,0.2894736842,0.3176895307,1.2565789474,1.3790613718,1.0974729242,12.81875,7.882633,2.809589,6.419846,4.137006,2.137463,47.333333,49.055524,0.4324324324,3.5555555556,3.5238095238
1,fiction,mystery,cl24,2.9384615385,0.5787878788,0.6945454545,0.2024922118,0.2363636364,1.0280373832,1.2,1.1672727273,12.77381,8.208374,3.101156,6.684781,3.812675,1.997517,64.777778,62.262487,0.1588235294,5.4,8.0952380952
1,fiction,science_fiction,cm01,1.08,0.3648648649,0.5973451327,0.4208754209,0.5530973451,1.2457912458,1.6371681416,1.314159292,11.862069,11.802174,2.4,5.16162,4.335756,2.290476,61.545455,54.027541,0.4620253165,3.4761904762,4.7878787879
1,fiction,science_fiction,cm02,1,0.2792362768,0.6685714286,0.4588235294,0.6685714286,1.6431372549,2.3942857143,1.4571428571,13.381579,8.336614,2.539326,6.519443,4.516224,2.451292,44.909091,55.117155,0.1621621622,0.8,3.8947368421
1,fiction,science_fiction,cm03,1.25,0.3562005277,0.675,0.4886877828,0.54,1.7149321267,1.895,1.105,14.152778,9.381808,2.77415,6.419412,4.329573,2.27386,45.9,45.870361,0.3414634146,9.3333333333,3.9047619048
1,fiction,science_fiction,cm04,1.0894308943,0.3228915663,0.5851528384,0.4659090909,0.5371179039,1.571969697,1.8122270742,1.1528384279,10.461929,7.214961,2.550743,5.858894,4.261038,2.278474,79.625,64.068201,0.1234567901,6.6666666667,2.9454545455
1,fiction,science_fiction,cm05,0.4941860465,0.1673228346,0.4722222222,0.6963562753,0.9555555556,2.0566801619,2.8222222222,1.3722222222,16.933333,10.280834,2.154825,5.819246,4.932087,2.662128,48,53.209022,0.1826923077,19,6.9333333333
1,fiction,science_fiction,cm06,1.0535714286,0.2783018868,0.4777327935,0.3875432526,0.4534412955,1.4671280277,1.7165991903,1.1700404858,12.950311,8.993995,2.887812,6.592608,4.164508,2.081386,54.111111,48.003344,0.4680851064,4.8888888889,4.4761904762
1,fiction,adventure,cn01,1.9305555556,0.3667546174,0.4809688581,0.2242990654,0.2491349481,1.1806853583,1.3114186851,1.1107266436,12.00578,7.720925,3.185583,6.80136,3.841117,1.913836,81,74.948316,0.0154639175,3,7.1851851852
1,fiction,adventure,cn02,2.1323529412,0.3510895884,0.4882154882,0.2073170732,0.228956229,1.2591463415,1.3905723906,1.1043771044,12.046512,9.055266,3.016012,7.429516,3.944015,1.873343,58.111111,55.566666,0.2814814815,5.4285714286,10.3846153846
1,fiction,adventure,cn03,1.7931034483,0.2166666667,0.5123152709,0.1647727273,0.2857142857,1.3636363636,2.3645320197,1.7339901478,9.566038,6.22763,2.759184,7.675775,4.246548,2.062716,72.571429,60.369948,0.0517241379,0.1818181818,8.9230769231
1,fiction,adventure,cn04,1.0833333333,0.2635135135,0.5064935065,0.3385579937,0.4675324675,1.3918495298,1.9220779221,1.380952381,11.488764,7.891995,2.580076,6.390721,4.154936,2.085406,59.125,50.530777,0.0884955752,0.303030303,12.5555555556
1,fiction,adventure,cn05,1.9594594595,0.406162465,0.4632587859,0.2458471761,0.2364217252,1.1860465116,1.1405750799,0.9616613419,10.673469,6.935969,3.090103,6.980825,3.916826,1.879436,73.25,65.381094,0.2054794521,30,9.7333333333
1,fiction,adventure,cn06,1.3921568627,0.3669250646,0.4846416382,0.3655913978,0.3481228669,1.3870967742,1.3208191126,0.95221843,15.992126,8.575277,2.67942,7.546959,4.276219,2.397484,27.9,43.553301,0.9090909091,3.3333333333,0.8461538462
1,fiction,adventure,cn07,1.2808988764,0.2261904762,0.485106383,0.3027210884,0.3787234043,1.7142857143,2.1446808511,1.2510638298,10.378109,6.832489,2.532767,6.195551,4.203642,2.072992,91.666667,62.066273,0.0878378378,13,5.92
1,fiction,adventure,cn08,0.893129771,0.2772511848,0.4431818182,0.4410774411,0.4962121212,1.4208754209,1.5984848485,1.125,17.77193,9.886226,2.383529,6.818053,4.553307,2.238136,42.857143,46.30467,3.2,32,0.9090909091
1,fiction,adventure,cn09,2.1222222222,0.5426136364,0.6655052265,0.2950819672,0.3135888502,1.1540983607,1.2264808362,1.06271777,11.61326,7.114272,2.61118,5.834285,4.067555,2.231639,56.5,59.483191,0.4444444444,2.9565217391,3.4
1,fiction,adventure,cn10,2.0142857143,0.3032258065,0.5402298851,0.2333333333,0.2681992337,1.55,1.7816091954,1.1494252874,10.437186,5.908415,2.760956,6.124101,4.111111,1.978642,72.333333,66.139583,0.2469135802,2.6666666667,6.48
1,fiction,adventure,cn11,1.3018867925,0.2917547569,0.7976878613,0.3667820069,0.612716763,1.6366782007,2.7341040462,1.6705202312,16.338583,9.93936,2.537897,6.171086,4.324181,2.249045,38.727273,42.435172,0.2830188679,1.3043478261,11.7777777778
1,fiction,adventure,cn12,2.3709677419,0.3134328358,0.6049382716,0.1751412429,0.2551440329,1.3248587571,1.9300411523,1.4567901235,11.295699,6.275373,2.89931,7.033678,4.025214,2.010872,77.5,69.831941,0.079787234,2.1428571429,6.962962963
1,fiction,adventure,cn13,1.6730769231,0.3927765237,0.7837837838,0.335483871,0.4684684685,1.4290322581,1.9954954955,1.3963963964,17.131148,11.313673,2.458824,6.233218,4.178947,2.082632,72,60.842009,0.1352941176,0.7931034483,18.8888888889
1,fiction,adventure,cn14,2.0108695652,0.4373522459,0.8685446009,0.2771084337,0.4319248826,1.2740963855,1.985915493,1.558685446,12.220238,7.195754,2.35977,5.862838,4.330736,2.142788,60.25,52.634946,0.2121212121,1.4,5.8235294118
1,fiction,adventure,cn15,1.4947368421,0.2933884298,0.7244897959,0.3454545455,0.4846938776,1.76,2.4693877551,1.4030612245,11.715909,7.236977,2.731126,7.167848,4.237148,2.077667,49,55.430136,0.2222222222,1.7777777778,24
1,fiction,adventure,cn16,1.1343283582,0.2974559687,0.76,0.4855072464,0.67,1.8514492754,2.555,1.38,16.372093,13.47813,2.394558,5.856823,4.320549,2.33732,50.090909,51.133434,0.6228070175,14.2,6
1,fiction,adventure,cn17,1.9493670886,0.4207650273,0.5833333333,0.2743055556,0.2992424242,1.2708333333,1.3863636364,1.0909090909,11.207447,10.110272,2.828188,6.437308,3.895586,2.125291,87.555556,74.797669,0.3431372549,6.3636363636,4.9756097561
1,fiction,adventure,cn18,1.6428571429,0.4524590164,0.3854748603,0.2916666667,0.2346368715,1.0590277778,0.8519553073,0.8044692737,16.055556,10.11388,2.857345,6.553193,3.971824,2.211438,32.636364,32.969056,0.3432835821,2.0909090909,3.9411764706
1,fiction,adventure,cn19,1.25,0.2742616034,0.4832713755,0.3701067616,0.3866171004,1.6868327402,1.7620817844,1.0446096654,14.205479,10.846322,2.53602,5.879715,4.231584,2.130731,46.363636,49.073734,0.2068965517,1.6363636364,3
1,fiction,adventure,cn20,1.1416666667,0.3261904762,0.5269230769,0.3669724771,0.4615384615,1.2844036697,1.6153846154,1.2576923077,12.91195,6.990005,2.461631,6.376222,4.207014,2.030817,54.5,49.312777,0.2345679012,1.2666666667,9
1,fiction,adventure,cn21,0.9243697479,0.2380952381,0.5069124424,0.4423791822,0.5483870968,1.717472119,2.1290322581,1.2396313364,14.384615,9.178817,2.318694,5.870871,4.276833,2.28348,38.909091,40.652529,0.5125,3.7272727273,11.4285714286
1,fiction,adventure,cn22,1.6464646465,0.360619469,0.7874396135,0.3235294118,0.4782608696,1.477124183,2.1835748792,1.4782608696,14.485915,9.586328,2.852982,7.377517,4.125912,1.996398,52.375,41.596086,0.2526315789,4.8,3.064516129
1,fiction,adventure,cn23,1.1747572816,0.2725225225,0.5525114155,0.4420600858,0.4703196347,1.9055793991,2.0273972603,1.0639269406,15.937984,14.410242,2.59068,7.081033,4.202236,2.101909,46.222222,52.592306,0.5737704918,35,3.5882352941
1,fiction,adventure,cn24,1.8144329897,0.4693333333,0.6111111111,0.3139158576,0.3368055556,1.213592233,1.3020833333,1.0729166667,11.441341,8.219113,2.790191,6.107762,4.069336,2.128003,80.666667,73.795513,0.097826087,2.5714285714,5.5757575758
1,fiction,adventure,cn25,1.0480769231,0.2112403101,0.4932126697,0.3161094225,0.4705882353,1.5683890578,2.334841629,1.4886877828,10.702564,6.275205,2.502398,7.512619,4.379013,2.184933,49.75,57.279468,0.2,8,3.0769230769
1,fiction,adventure,cn26,1.5,0.2574850299,0.7371428571,0.2935153584,0.4914285714,1.7098976109,2.8628571429,1.6742857143,16.317829,9.505596,2.542271,6.326037,4.283135,2.135021,65.857143,50.732995,0.1937984496,25,14.3333333333
1,fiction,adventure,cn27,2.0879120879,0.4761904762,0.7392996109,0.300330033,0.3540856031,1.3168316832,1.5525291829,1.1789883268,16.377953,12.2763,3.014493,6.598403,4.098077,2.017471,59.6,61.392508,0.1390728477,21,5.5925925926
1,fiction,adventure,cn28,0.6,0.185046729,0.5530726257,0.6680161943,0.9217877095,2.1659919028,2.9888268156,1.3798882682,16.917355,9.434057,2.229847,6.41812,4.555447,2.329004,35.9,38.983202,0.5172413793,2,6.4444444444
1,fiction,adventure,cn29,1.3716814159,0.3571428571,0.6224899598,0.3869863014,0.453815261,1.4863013699,1.7429718876,1.1726907631,10.838542,7.423216,2.630847,6.438291,4.099471,2.067623,85.777778,71.194222,0.3021978022,1.170212766,7.28
1,fiction,romance,cp01,1.0384615385,0.2547169811,0.4408163265,0.3781818182,0.4244897959,1.5418181818,1.7306122449,1.1224489796,15.824427,9.787421,2.559259,6.60094,4.259527,2.030445,38,39.567664,0.593220339,2.3333333333,3.9333333333
1,fiction,romance,cp02,1.0471698113,0.2727272727,0.5285714286,0.3533333333,0.5047619048,1.3566666667,1.9380952381,1.4285714286,21.214286,14.488032,2.790604,7.031028,4.200577,2.178579,52.5,46.730611,0.0158730159,2,11.4545454545
1,fiction,romance,cp03,1.1532258065,0.3341121495,0.5478927203,0.4558823529,0.4750957854,1.5735294118,1.6398467433,1.0421455939,14.19863,12.064109,2.564895,5.393633,4.067952,2.071658,77.625,58.572471,0.256097561,1.1351351351,7.1304347826
1,fiction,romance,cp04,0.949044586,0.3401826484,0.5912698413,0.525083612,0.623015873,1.4648829431,1.7380952381,1.1865079365,16.541353,11.332641,2.502844,6.139981,4.301818,2.194372,56,60.60858,0.1925925926,3.7142857143,9
1,fiction,romance,cp05,0.9214285714,0.3123486683,0.7329545455,0.6334841629,0.7954545455,1.8687782805,2.3465909091,1.2556818182,15.603053,10.127944,2.492683,6.285383,4.375245,2.271148,48.555556,41.55615,1,2.5652173913,6.5555555556
1,fiction,romance,cp06,1.1238938053,0.3315926893,0.477443609,0.3313782991,0.4248120301,1.1231671554,1.4398496241,1.2819548872,11.774725,7.055418,2.497669,5.700212,4.190387,2.296533,71.9,71.403711,0.1767676768,35,5.3513513514
1,fiction,romance,cp07,0.8290598291,0.2229885057,0.4731707317,0.4398496241,0.5707317073,1.6353383459,2.1219512195,1.2975609756,14.159722,8.499725,2.607417,6.021963,4.442374,2.369185,83.5,45.919313,0.1962616822,21,3.962962963
1,fiction,romance,cp08,1.1627906977,0.4411764706,0.4201680672,0.4147909968,0.3613445378,1.0932475884,0.9523809524,0.8711484594,11.537143,7.251998,2.89255,6.462692,4.10104,1.964442,47.125,51.520475,0.5111111111,7.6666666667,4.0909090909
1,fiction,romance,cp09,1.8734177215,0.4567901235,0.4966442953,0.2936802974,0.2651006711,1.2044609665,1.0872483221,0.9026845638,29.42029,24.684329,2.959184,7.911763,3.953695,1.88769,25.7,30.990482,0.725,29,4.4444444444
1,fiction,romance,cp10,0.8245614035,0.216091954,0.3547169811,0.4913793103,0.4301886792,1.875,1.641509434,0.8754716981,16.934959,12.183382,2.558968,6.508987,4.170907,2.388679,55.222222,49.591168,0.4356435644,6.2857142857,9.1818181818
1,fiction,romance,cp11,1.5408163265,0.4289772727,0.471875,0.3512544803,0.30625,1.2616487455,1.1,0.871875,17.243697,12.631138,2.758065,6.980046,4.04922,2.169704,54,45.130367,0.2763157895,3,2.0540540541
1,fiction,romance,cp12,1.4476190476,0.4634146341,0.4592145015,0.3571428571,0.3172205438,1.1156462585,0.9909365559,0.8882175227,12.076471,8.733979,2.920341,6.328551,4.007793,2.081846,86.714286,60.142009,0.0337837838,5,2.4262295082
1,fiction,romance,cp13,0.9,0.2864721485,0.3517915309,0.3305785124,0.3908794788,1.0385674931,1.2280130293,1.1824104235,18.142857,12.878455,2.595147,7.171202,4.309055,2.042597,39.777778,46.544549,0.0975609756,0.1379310345,3.7272727273
1,fiction,romance,cp14,1.902173913,0.5131964809,0.5852842809,0.303630363,0.3076923077,1.1254125413,1.1404682274,1.0133779264,8.935065,6.515392,2.538084,5.618756,4.058083,2.1564,77.333333,65.714872,0.256097561,3.2307692308,3.6444444444
1,fiction,romance,cp15,0.9473684211,0.2903225806,0.5338983051,0.4570446735,0.563559322,1.4914089347,1.8389830508,1.2330508475,11.581006,7.408879,2.793801,6.207926,4.170285,2.09436,79,60.589695,0.265060241,2.3157894737,5.0303030303
1,fiction,romance,cp16,1.5212765957,0.3380614657,0.5652173913,0.2919254658,0.371541502,1.3136645963,1.6719367589,1.2727272727,10.062802,7.908958,2.423256,5.517829,4.055182,2.045389,69.545455,74.887022,0.2132701422,15,4.4893617021
1,fiction,romance,cp17,0.9259259259,0.262605042,0.6476683938,0.675,0.6994818653,2.38,2.4663212435,1.0362694301,17.87069,11.279009,2.915612,6.503373,4.261939,2.151158,39.2,41.281473,0.35,5.6,4.7058823529
1,fiction,romance,cp18,1.7303370787,0.4624624625,0.511627907,0.2672672673,0.2956810631,1,1.1063122924,1.1063122924,11.335135,5.968033,3.139222,6.754689,3.850262,2.008919,100.428571,53.715805,0.4583333333,1.6603773585,12.8
1,fiction,romance,cp19,1.7604166667,0.5216049383,0.5469255663,0.345323741,0.3106796117,1.1654676259,1.0485436893,0.8996763754,12.109195,7.347267,3.11226,7.084994,3.786901,2.083146,84.75,62.246988,0.3910614525,4.6666666667,4.3658536585
1,fiction,romance,cp20,1.0694444444,0.4797507788,0.48125,0.5353159851,0.45,1.1933085502,1.003125,0.840625,11.269231,6.657974,2.744652,7.39329,3.872869,2.084879,50.636364,57.706582,0.2612612613,3.2222222222,4.44
1,fiction,romance,cp21,1.3410852713,0.3835920177,0.7863636364,0.4725274725,0.5863636364,1.652014652,2.05,1.2409090909,18.208333,13.434964,2.612903,6.134745,4.401463,2.248153,40.636364,50.258012,0.5666666667,2.6153846154,3.1578947368
1,fiction,romance,cp22,1.6774193548,0.4534883721,0.4561403509,0.36328125,0.2719298246,1.34375,1.0058479532,0.7485380117,11.948864,8.894757,3.034632,6.939771,3.934379,2.13422,73.625,60.394407,0.2941176471,6.4285714286,6.12
1,fiction,romance,cp23,0.6588235294,0.25,0.5258215962,0.6538461538,0.7981220657,1.7230769231,2.103286385,1.220657277,12.424419,9.382076,2.68805,6.084379,4.172672,2.212324,64.545455,68.797943,0.417218543,9,4.5757575758
1,fiction,romance,cp24,3.2727272727,0.3651115619,0.9782608696,0.1553672316,0.2989130435,1.3926553672,2.6793478261,1.9239130435,8.859574,5.545313,3.566781,7.599274,4.037446,1.922288,94.625,82.537775,0.025862069,0.1818181818,5.3953488372
1,fiction,romance,cp25,0.9406779661,0.2883116883,0.4605809129,0.4322344322,0.489626556,1.4102564103,1.5975103734,1.132780083,20.787879,13.249183,2.796196,7.615187,4.250243,2.228899,54.857143,44.421451,0.1547619048,13,7.6363636364
1,fiction,romance,cp26,1.0277777778,0.4471299094,0.5266903915,0.5236363636,0.512455516,1.2036363636,1.1779359431,0.9786476868,18.798165,13.843012,3.461149,10.260386,3.984871,1.982418,60.142857,52.256042,0.2,14,3.6842105263
1,fiction,romance,cp27,1.5662650602,0.2642276423,0.5019305019,0.2996389892,0.3204633205,1.7761732852,1.8996138996,1.0694980695,10.05314,6.848398,2.67825,5.869183,4.117732,2.170546,90.571429,58.455984,0.1572327044,0.9259259259,3.8780487805
1,fiction,romance,cp28,1.3425925926,0.3805774278,0.5215827338,0.3483870968,0.3884892086,1.2290322581,1.3705035971,1.1151079137,13.096154,9.39502,2.534739,6.478493,4.338718,2.23876,32.454545,46.949419,0.3157894737,4,3.4545454545
1,fiction,romance,cp29,0.7,0.177734375,0.4690721649,0.4609929078,0.6701030928,1.8156028369,2.6391752577,1.4536082474,13.96,9.38643,2.232409,5.454731,4.570201,2.599792,56.363636,64.336152,0.3141025641,16.3333333333,9.1764705882
