label,genre,type,id,adv_adj,adv_noun,adv_prn,adj_verb,adj_prn,noun_verb,noun_prn,verb_prn,avg_sentlen,sd_sentlen,avg_word_typetoken,sd_word_typetoken,avg_wordlen,sd_wordlen,avg_punct_typetoken,sd_punct_typetoken,hyphen.quote.ratio,hyphen.exclamation.ratio,quote.question.ratio
0,non_fiction,news,ca01,0.4876033058,0.0830985915,1.2553191489,0.3569321534,2.5744680851,2.0943952802,15.1063829787,7.2127659574,20.622449,10.276301,2.417464,6.320895,4.880257,2.733506,43.444444,43.117697,0.2134831461,19,89
0,non_fiction,news,ca02,0.4031007752,0.0651629073,1.1304347826,0.4623655914,2.8043478261,2.8602150538,17.347826087,6.0652173913,20.877551,10.907089,2.293722,6.129127,4.811339,2.669034,41.5,51.159066,0.4406779661,26,59
0,non_fiction,news,ca03,0.3240223464,0.084057971,1.1836734694,0.6130136986,3.6530612245,2.3630136986,14.0816326531,5.9591836735,18.366071,12.114038,2.620382,6.535827,4.77054,2.576368,38.1,39.302544,0.3918918919,29,24.6666666667
0,non_fiction,news,ca04,0.5652173913,0.1635220126,2.6666666667,0.6092715232,4.7179487179,2.1059602649,16.3076923077,7.7435897436,23.159091,13.474628,2.309173,6.540283,5.129966,2.93401,25.3,30.613886,0.3513513514,13,12.3333333333
0,non_fiction,news,ca05,0.3552631579,0.0818181818,0.6136363636,0.443148688,1.7272727273,1.9241982507,7.5,3.8977272727,24.47619,9.765679,2.748663,7.699985,4.685311,2.552693,46.428571,39.438405,0.4642857143,26,56
0,non_fiction,news,ca06,0.3984962406,0.0731034483,0.5824175824,0.4493243243,1.4615384615,2.4493243243,7.967032967,3.2527472527,20.585859,11.31461,2.506765,6.866609,4.772326,2.735328,50.125,43.184018,0.311827957,29,31
0,non_fiction,news,ca07,0.2426035503,0.0573426573,0.8913043478,0.5451612903,3.6739130435,2.3064516129,15.5434782609,6.7391304348,17.525,10.441075,2.395216,6.411644,4.900143,2.73501,38.6,46.778628,0.6545454545,12,11
0,non_fiction,news,ca08,0.6258064516,0.1603305785,1.701754386,0.5308219178,2.7192982456,2.0719178082,10.6140350877,5.1228070175,20.09901,10.632013,2.478632,7.384138,4.823153,2.776353,24.5,36.821869,2.4166666667,29,4
0,non_fiction,news,ca09,0.53,0.0691906005,1.5142857143,0.3215434084,2.8571428571,2.463022508,21.8857142857,8.8857142857,18.300885,10.578727,2.360731,6.632734,4.757737,2.719087,34,45.958479,0.306122449,15,16.3333333333
0,non_fiction,news,ca10,0.4285714286,0.0817790531,0.7916666667,0.38,1.8472222222,1.9914285714,9.6805555556,4.8611111111,19.358491,11.23773,2.405627,5.902853,4.666667,2.597232,39.636364,48.850929,0.7719298246,44,57
0,non_fiction,news,ca11,0.4011299435,0.0959459459,1.8205128205,0.6833976834,4.5384615385,2.8571428571,18.9743589744,6.641025641,21.29,12.76816,2.435927,6.573899,4.331611,2.260187,43.4,49.741733,1.2419354839,77,62
0,non_fiction,news,ca12,0.7163120567,0.1561051005,0.9181818182,0.4504792332,1.2818181818,2.0670926518,5.8818181818,2.8454545455,20.048077,11.39617,2.625945,5.537814,4.31271,2.240473,44.454545,45.723206,0.5688073394,20.6666666667,109
0,non_fiction,news,ca13,0.5766871166,0.1342857143,1.4242424242,0.6150943396,2.4696969697,2.641509434,10.6060606061,4.0151515152,19.342593,9.824537,2.449004,6.576721,4.244615,2.223509,46.375,40.379257,0.9411764706,64,68
0,non_fiction,news,ca14,0.5658914729,0.1013888889,0.8588235294,0.4448275862,1.5176470588,2.4827586207,8.4705882353,3.4117647059,15.744361,9.162406,2.283533,6.699361,4.552531,2.46714,37.363636,48.330816,0.5384615385,35,13
0,non_fiction,news,ca15,0.74,0.1694656489,1.3214285714,0.4702194357,1.7857142857,2.0532915361,7.7976190476,3.7976190476,19.081818,10.338922,2.459016,5.619269,4.300476,2.252765,45.1,50.498416,0.6292134831,56,29.6666666667
0,non_fiction,news,ca16,0.7372881356,0.0956043956,1.5818181818,0.5221238938,2.1454545455,4.0265486726,16.5454545455,4.1090909091,18.103448,11.014394,2.052786,5.329344,4.435714,2.343006,47.333333,64.749946,0.2181818182,1.8461538462,36.6666666667
0,non_fiction,news,ca17,0.4081632653,0.0434782609,0.9523809524,0.4298245614,2.3333333333,4.0350877193,21.9047619048,5.4285714286,19.605769,11.290243,2.20671,6.030722,4.400687,2.314383,43.818182,73.903891,0.6176470588,7,11.3333333333
0,non_fiction,news,ca18,0.2777777778,0.0300902708,0.7142857143,0.4886877828,2.5714285714,4.5113122172,23.7380952381,5.2619047619,19.495238,12.422042,2.383003,6.761098,4.470933,2.400743,72.375,102.380342,0.4347826087,20,15.3333333333
0,non_fiction,news,ca19,0.5916666667,0.0958164642,1.3396226415,0.404040404,2.2641509434,2.4949494949,13.9811320755,5.6037735849,18.247788,11.506467,2.311659,5.675982,4.71969,2.655629,34.083333,50.959883,0.8611111111,31,36
0,non_fiction,news,ca20,0.5,0.1138686131,1.3448275862,0.4727272727,2.6896551724,2.0757575758,11.8103448276,5.6896551724,21.134021,13.390741,2.266298,5.897543,4.7294,2.421545,44.777778,56.314154,0.4117647059,21,51
0,non_fiction,news,ca21,0.525,0.0832232497,1.125,0.3582089552,2.1428571429,2.2597014925,13.5178571429,5.9821428571,18.321429,11.391738,2.178344,5.175481,4.807505,2.495314,31.454545,46.885477,1.3571428571,38,28
0,non_fiction,news,ca22,0.5346534653,0.0674157303,1.2857142857,0.3186119874,2.4047619048,2.5268138801,19.0714285714,7.5476190476,19.481132,12.59547,2.379032,5.913577,4.82615,2.691983,61.714286,66.576946,0.8823529412,30,34
0,non_fiction,news,ca23,0.3770491803,0.0522727273,1,0.488,2.652173913,3.52,19.1304347826,5.4347826087,18.230088,11.038957,2.128099,5.65723,4.765534,2.62861,38.583333,54.698352,0.775,31,13.3333333333
0,non_fiction,news,ca24,0.4747474747,0.0575980392,1.119047619,0.3311036789,2.3571428571,2.72909699,19.4285714286,7.119047619,20.89,11.764264,2.308287,6.515514,4.602681,2.541586,36.4,55.339317,1.5,30,20
0,non_fiction,news,ca25,0.4666666667,0.0712468193,1.12,0.409556314,2.4,2.6825938567,15.72,5.86,19.233645,9.946191,2.157233,5.667075,4.762877,2.607856,48.7,54.552818,0.4782608696,33,69
0,non_fiction,news,ca26,0.5333333333,0.0939947781,1.5652173913,0.4963235294,2.9347826087,2.8161764706,16.652173913,5.9130434783,19.598131,10.32813,2.455504,6.190933,4.575584,2.461363,31.083333,45.710061,1.4482758621,42,9.6666666667
0,non_fiction,news,ca27,0.4825581395,0.1261398176,1.2769230769,0.5890410959,2.6461538462,2.2534246575,10.1230769231,4.4923076923,18.008696,13.463313,2.222103,5.438401,4.733945,2.675461,33.071429,38.727001,0.5853658537,48,27.3333333333
0,non_fiction,news,ca28,0.4768211921,0.1016949153,2,0.541218638,4.1944444444,2.5376344086,19.6666666667,7.75,22.172043,9.76897,2.523868,6.219937,4.694956,2.526401,31.363636,36.740547,0.619047619,26,42
0,non_fiction,news,ca29,0.3641304348,0.0854591837,1.0307692308,0.7301587302,2.8307692308,3.1111111111,12.0615384615,3.8769230769,17.537815,8.500904,1.947761,5.135939,4.741858,2.475151,43.818182,52.155045,0.5679012346,15.3333333333,11.5714285714
0,non_fiction,news,ca30,0.8196721311,0.1414427157,1.1235955056,0.4107744108,1.3707865169,2.3804713805,7.9438202247,3.3370786517,17.457627,9.879481,2.234273,6.167351,4.364563,2.351328,43.777778,56.820923,0.3396226415,18,10.6
0,non_fiction,news,ca31,0.4632352941,0.0764563107,1.6153846154,0.544,3.4871794872,3.296,21.1282051282,6.4102564103,18.442478,10.10996,2.140657,5.411006,4.573141,2.535891,41.636364,48.739144,0.6764705882,46,22.6666666667
0,non_fiction,news,ca32,0.4816753927,0.1439749609,1,0.6725352113,2.0760869565,2.25,6.9456521739,3.0869565217,16.524194,11.385095,2.10359,5.650917,4.558264,2.550684,35.916667,38.298082,0.4054054054,4.2857142857,5.6923076923
0,non_fiction,news,ca33,0.4680851064,0.0949640288,0.8148148148,0.4638157895,1.7407407407,2.2861842105,8.5802469136,3.7530864198,22.376344,11.06473,2.356738,7.32289,4.684767,2.545427,53.571429,44.164812,0.4782608696,33,69
0,non_fiction,news,ca34,0.4166666667,0.1334379906,1.9318181818,0.7285714286,4.6363636364,2.275,14.4772727273,6.3636363636,21.925532,10.671337,2.744341,7.719699,4.841339,2.786353,39,43.609059,1.1470588235,39,34
0,non_fiction,news,ca35,0.5598290598,0.2471698113,2.7872340426,0.8096885813,4.9787234043,1.8339100346,11.2765957447,6.1489361702,27.418919,13.777191,2.802486,8.20766,5.081321,2.954024,32.333333,26.486894,0.4482758621,26,58
0,non_fiction,news,ca36,0.472826087,0.1469594595,2.0714285714,0.5878594249,4.380952381,1.8913738019,14.0952380952,7.4523809524,23.953488,14.095115,2.363532,7.400391,4.955361,2.782936,28.454545,30.973196,2.28,57,2.7777777778
0,non_fiction,news,ca37,0.3894230769,0.1223564955,1.5576923077,0.7298245614,4,2.3228070175,12.7307692308,5.4807692308,21.968421,13.85751,2.258658,6.431724,4.894586,2.68867,36.166667,39.719503,1.0476190476,13.2,9
0,non_fiction,news,ca38,0.6683673469,0.2614770459,1.6375,0.6490066225,2.45,1.6589403974,6.2625,3.775,21.505263,11.523773,2.846797,7.796609,4.338063,2.258209,33.875,37.213699,2.1904761905,46,21
0,non_fiction,news,ca39,0.6754966887,0.1581395349,1.1208791209,0.5033333333,1.6593406593,2.15,7.0879120879,3.2967032967,16.452381,10.55267,2.403244,5.806425,4.361138,2.272907,49.666667,52.112592,0.4174757282,43,9.3636363636
0,non_fiction,news,ca40,0.5731707317,0.1386430678,0.8785046729,0.5125,1.5327102804,2.11875,6.3364485981,2.9906542056,21.864583,11.499656,2.078218,4.792612,4.595998,2.542578,39.416667,45.468777,0.5595238095,15.6666666667,28
0,non_fiction,news,ca41,0.5657142857,0.1764705882,1.5230769231,0.5737704918,2.6923076923,1.8393442623,8.6307692308,4.6923076923,19.776699,11.232695,2.404481,7.180314,4.914174,2.707226,34.083333,45.651685,1.3939393939,9.2,6.6
0,non_fiction,news,ca42,0.7045454545,0.135371179,1.4307692308,0.4583333333,2.0307692308,2.3854166667,10.5692307692,4.4307692308,20.086538,11.357064,2.270652,6.387965,4.528483,2.41847,48.9,53.813474,1.0204081633,50,49
0,non_fiction,news,ca43,0.4174757282,0.1339563863,3.3076923077,0.6358024691,7.9230769231,1.9814814815,24.6923076923,12.4615384615,16.162791,8.181839,2.60625,6.167958,4.707914,2.560643,52.625,55.914975,1.6578947368,63,38
0,non_fiction,news,ca44,0.4972972973,0.1500815661,1.6727272727,0.6335616438,3.3636363636,2.0993150685,11.1454545455,5.3090909091,22.391304,10.057397,2.530713,6.561066,4.867476,2.74028,27.666667,43.232575,0.935483871,9.6666666667,6.2
0,non_fiction,reviews,cc01,0.7513812155,0.2060606061,1.5111111111,0.5552147239,2.0111111111,2.0245398773,7.3333333333,3.6222222222,18.586207,11.7305,2.087125,5.949461,4.625696,2.530971,41.7,52.649881,0.5818181818,10.6666666667,4.2307692308
0,non_fiction,reviews,cc02,0.6504854369,0.2171799028,2.6274509804,0.7657992565,4.0392156863,2.2936802974,12.0980392157,5.2745098039,21.030303,9.584768,2.138604,6.018477,4.835814,2.706995,36.6,38.228785,0.7454545455,41,7.8571428571
0,non_fiction,reviews,cc03,0.5247933884,0.2099173554,1.4269662921,0.8612099644,2.7191011236,2.153024911,6.797752809,3.1573033708,18.263158,10.079554,2.191579,5.883888,4.814601,2.658829,43.444444,44.262126,0.6,30,50
0,non_fiction,reviews,cc04,0.7044334975,0.2325203252,1.8333333333,0.6858108108,2.6025641026,2.0777027027,7.8846153846,3.7948717949,20.372549,12.611792,2.204666,5.566479,4.545455,2.445309,38.818182,46.096378,0.4337349398,5.1428571429,11.8571428571
0,non_fiction,reviews,cc05,0.7658536585,0.2818671454,1.688172043,0.6765676568,2.2043010753,1.8382838284,5.9892473118,3.2580645161,19.942857,11.633964,2.104523,5.401947,4.685291,2.629421,41.636364,39.287455,0.4468085106,14,4.9473684211
0,non_fiction,reviews,cc06,0.5400843882,0.2151260504,1.5802469136,0.8374558304,2.9259259259,2.1024734982,7.3456790123,3.4938271605,26.385542,18.511365,2.247179,7.241577,4.67686,2.661765,40.444444,42.773593,0.4210526316,24,57
0,non_fiction,reviews,cc07,0.4979919679,0.1837037037,2.1379310345,0.8924731183,4.2931034483,2.4193548387,11.6379310345,4.8103448276,17.6,8.579433,2.144162,5.916297,4.907197,2.705197,48.666667,53.35208,0.8695652174,40,46
0,non_fiction,reviews,cc08,0.6582914573,0.2250859107,1.297029703,0.6160990712,1.9702970297,1.8018575851,5.7623762376,3.198019802,23.032967,14.780779,2.285714,5.838721,4.520515,2.341861,37.909091,43.639962,0.3636363636,32,9.7777777778
0,non_fiction,reviews,cc09,0.595959596,0.1818181818,1.84375,0.7173913043,3.09375,2.3514492754,10.140625,4.3125,22.966667,11.993934,2.173319,6.221101,4.679072,2.592783,51.666667,49.100803,0.2403846154,25,104
0,non_fiction,reviews,cc10,0.6614583333,0.2006319115,1.2095238095,0.6464646465,1.8285714286,2.1313131313,6.0285714286,2.8285714286,19.163636,11.152274,2.195833,6.10952,4.583017,2.484723,53.6,56.423754,0.3362068966,39,38.6666666667
0,non_fiction,reviews,cc11,0.4956140351,0.1661764706,1.4303797468,0.8,2.8860759494,2.3859649123,8.6075949367,3.6075949367,19.944954,10.386861,2.127202,5.798261,4.807268,2.67069,45.636364,48.875115,0.7532467532,11.6,15.4
0,non_fiction,reviews,cc12,0.5,0.1304347826,2.1951219512,0.6428571429,4.3902439024,2.4642857143,16.8292682927,6.8292682927,22.956522,9.373776,2.22082,6.570465,4.84375,2.675156,36,40.905656,0.75,42,18.6666666667
0,non_fiction,reviews,cc13,0.5989304813,0.1872909699,1.9310344828,0.5683890578,3.224137931,1.8176291793,10.3103448276,5.6724137931,21.904255,10.69805,2.238043,6.687177,4.769305,2.592946,33.1,42.188743,0.4615384615,18,13
0,non_fiction,reviews,cc14,0.4860557769,0.1755395683,1.90625,0.9127272727,3.921875,2.5272727273,10.859375,4.296875,22.372549,15.157294,2.167142,6.395228,4.80149,2.670568,47.3,45.374112,0.3505154639,34,32.3333333333
0,non_fiction,reviews,cc15,0.3640167364,0.1023529412,4.35,1.0717488789,11.95,3.8116591928,42.5,11.15,17.669291,12.642296,1.927835,4.863068,4.651515,2.41001,43.090909,59.72582,1.8709677419,58,31
0,non_fiction,reviews,cc16,0.6822916667,0.2368896926,1.4395604396,0.5647058824,2.1098901099,1.6264705882,6.0769230769,3.7362637363,21.479167,13.209828,2.253552,6.047641,4.72066,2.609122,34.818182,42.550116,0.5789473684,33,19
0,non_fiction,reviews,cc17,0.4927536232,0.15,2.2666666667,0.7212543554,4.6,2.3693379791,15.1111111111,6.3777777778,20.584158,12.421849,2.179245,5.945802,4.854738,2.728727,42,54.23867,1.1403508772,65,57
0,non_fiction,hobbies,ce01,0.8633879781,0.292051756,1.4363636364,0.5884244373,1.6636363636,1.7395498392,4.9181818182,2.8272727273,20.240385,14.053808,2.678117,6.168702,4.536817,2.426242,39.454545,35.607363,1.1445783133,3.8,27.6666666667
0,non_fiction,hobbies,ce02,0.5829383886,0.2622601279,0.8424657534,0.5796703297,1.4452054795,1.2884615385,3.2123287671,2.4931506849,16.516129,7.829312,2.497561,6.146881,4.328613,2.298505,28.545455,41.462718,0.5151515152,17,6.6
0,non_fiction,hobbies,ce03,0.4898785425,0.2489711934,1.4578313253,0.7222222222,2.9759036145,1.4210526316,5.8554216867,4.1204819277,21.070707,10.490258,2.992826,6.672602,4.797699,2.628722,28,35.357696,2.3103448276,13.4,1.7058823529
0,non_fiction,hobbies,ce04,0.5458515284,0.2208480565,1.6447368421,0.8006993007,3.0131578947,1.979020979,7.4473684211,3.7631578947,21.770833,9.487359,2.255663,6.50188,4.942611,2.796212,30.727273,35.647494,0.9512195122,39,8.2
0,non_fiction,hobbies,ce05,0.7931034483,0.1402439024,1.0574712644,0.3258426966,1.3333333333,1.8426966292,7.5402298851,4.091954023,18.25,9.916166,2.791269,7.393912,4.509775,2.461165,28.75,35.154718,0.9705882353,1.1379310345,3.7777777778
0,non_fiction,hobbies,ce06,0.6300578035,0.1831932773,2.137254902,0.5290519878,3.3921568627,1.8195718654,11.6666666667,6.4117647059,21.680851,11.199556,2.380841,6.372935,4.720805,2.586875,34,49.170621,1.4,4.6666666667,10
0,non_fiction,hobbies,ce07,0.5365853659,0.1512027491,2.5142857143,0.4852071006,4.6857142857,1.7218934911,16.6285714286,9.6571428571,16.242424,7.395864,3.381703,9.185919,4.104011,2.172999,63.666667,73.82261,0.1733333333,39,225
0,non_fiction,hobbies,ce08,0.464516129,0.1204013378,2,0.4558823529,4.3055555556,1.7588235294,16.6111111111,9.4444444444,15.630769,9.894162,3.594356,10.109864,4.719823,2.737181,20.833333,34.452463,0.24,6,25
0,non_fiction,hobbies,ce09,0.4788732394,0.0921409214,0.9714285714,0.5089605735,2.0285714286,2.6451612903,10.5428571429,3.9857142857,15.669014,8.887974,2.870968,7.126244,3.994157,2.183794,94.888889,53.334259,8,136,17
0,non_fiction,hobbies,ce10,0.4268292683,0.1782682513,1.4383561644,0.9248120301,3.3698630137,2.2142857143,8.0684931507,3.6438356164,17.053435,10.434319,2.749077,6.834074,4.26443,2.313343,41.333333,38.775708,2.0943396226,37,53
0,non_fiction,hobbies,ce11,0.5384615385,0.1195652174,1.0405405405,0.4914089347,1.9324324324,2.2130584192,8.7027027027,3.9324324324,18.176991,10.183476,2.232356,6.687395,4.435798,2.263688,36.1,52.202395,0.9230769231,24,26
0,non_fiction,hobbies,ce12,0.3762376238,0.0996068152,2.1111111111,0.9351851852,5.6111111111,3.5324074074,21.1944444444,6,17.157025,8.445262,2.281319,6.521813,4.836705,2.624514,30,41.821047,1.4285714286,13.3333333333,9.3333333333
0,non_fiction,hobbies,ce13,0.6549295775,0.1534653465,1.0568181818,0.5867768595,1.6136363636,2.5041322314,6.8863636364,2.75,27.133333,14.396605,2.720588,9.421119,4.428501,2.291781,75.25,63.124381,2.6363636364,29,11
0,non_fiction,hobbies,ce14,0.5430107527,0.1444921316,1.6031746032,0.6058631922,2.9523809524,2.2768729642,11.0952380952,4.873015873,12.494048,9.289649,2.425115,5.396933,4.419477,2.422637,35.916667,44.214361,1.9142857143,7.4444444444,35
0,non_fiction,hobbies,ce15,0.4918032787,0.1168831169,8.1818181818,0.5630769231,16.6363636364,2.3692307692,70,29.5454545455,10.211055,6.660895,3.097561,6.243748,4.479331,2.147734,39.9,43.486665,0.387755102,19,49
0,non_fiction,hobbies,ce16,0.5064102564,0.1395759717,1.196969697,0.446991404,2.3636363636,1.6217765043,8.5757575758,5.2878787879,15.969231,7.014204,3.039531,8.452601,4.220135,2.106783,31.4,45.464712,3.8666666667,19.3333333333,15
0,non_fiction,hobbies,ce17,0.55,0.195035461,2.2916666667,0.6006006006,4.1666666667,1.6936936937,11.75,6.9375,18.563636,10.934954,2.619231,7.307523,4.436123,2.34499,25.1,35.379231,1.75,14,1.1428571429
0,non_fiction,hobbies,ce18,0.6940298507,0.1457680251,1.5,0.4620689655,2.1612903226,2.2,10.2903225806,4.6774193548,24.686747,18.50622,2.444577,7.243194,4.639688,2.51807,34.6,44.240705,1.2,30,25
0,non_fiction,hobbies,ce19,0.7258883249,0.2848605578,1.43,0.6080246914,1.97,1.549382716,5.02,3.24,19.092593,10.579975,2.319101,5.877722,4.385174,2.318905,28.818182,39.540125,6.1538461538,26.6666666667,4.3333333333
0,non_fiction,hobbies,ce20,0.6386138614,0.2393320965,1.5,0.5889212828,2.3488372093,1.5714285714,6.2674418605,3.988372093,16.804878,8.548911,2.660232,6.096637,4.471214,2.486056,46.714286,49.401314,1.3225806452,41,4.4285714286
0,non_fiction,hobbies,ce21,0.3755656109,0.1298904538,1.9302325581,0.8532818533,5.1395348837,2.4671814672,14.8604651163,6.023255814,17.928571,9.35578,3.033233,8.361658,4.651892,2.525731,36.857143,46.134674,3.6,18,0.3333333333
0,non_fiction,hobbies,ce22,0.3045112782,0.1319218241,1.1571428571,1.0513833992,3.8,2.4268774704,8.7714285714,3.6142857143,19.373832,13.139456,2.280528,6.76946,5.082007,2.901507,42.727273,47.931942,2.90625,10.3333333333,3.5555555556
0,non_fiction,hobbies,ce23,0.4780701754,0.1932624113,1.09,0.8413284133,2.28,2.0811808118,5.64,2.71,22.808989,11.796854,2.402367,6.287321,4.654187,2.587316,31.363636,43.457969,3.5,6,12
0,non_fiction,hobbies,ce24,0.7055837563,0.2785571142,1.8783783784,0.57771261,2.6621621622,1.4633431085,6.7432432432,4.6081081081,16.314516,8.766107,2.686587,6.790943,4.587247,2.329542,34.875,46.215359,2,20,1.1111111111
0,non_fiction,hobbies,ce25,0.3214285714,0.1146496815,4,0.7417218543,12.4444444444,2.0794701987,34.8888888889,16.7777777778,22.075269,9.558239,2.556663,7.716181,5.05017,2.89732,33,37.464057,0.7631578947,29,38
0,non_fiction,hobbies,ce26,0.4719101124,0.1497326203,1.0909090909,0.5798045603,2.3116883117,1.8273615635,7.2857142857,3.987012987,22.555556,10.049998,2.431138,6.688518,4.926601,2.775159,35.375,37.319357,0.1891891892,7,37
0,non_fiction,hobbies,ce27,0.6774193548,0.1057934509,2.0487804878,0.496,3.0243902439,3.176,19.3658536585,6.0975609756,11.042781,8.870325,3.591304,7.680009,4.758838,2.875117,37.818182,40.440345,2.7391304348,63,23
0,non_fiction,hobbies,ce28,0.5612244898,0.1748807631,1.5714285714,0.5975609756,2.8,1.9176829268,8.9857142857,4.6857142857,16.344,8.666352,2.663625,6.433616,5.212922,2.946611,31.818182,35.259604,4.3529411765,74,0.2463768116
0,non_fiction,hobbies,ce29,0.568627451,0.1956155143,2.9743589744,0.7669172932,5.2307692308,2.2293233083,15.2051282051,6.8205128205,22.797753,11.416703,2.652288,7.775402,5.109414,2.911857,36.375,33.626394,0.8157894737,31,7.6
0,non_fiction,hobbies,ce30,0.5027322404,0.1469648562,0.8679245283,0.5140449438,1.7264150943,1.7584269663,5.9056603774,3.358490566,13.677632,6.951526,2.507841,5.555857,4.957672,2.71655,31.75,42.14484,2.5185185185,68,0.2
0,non_fiction,hobbies,ce31,0.4507772021,0.1266375546,1.5535714286,0.6724738676,3.4464285714,2.393728223,12.2678571429,5.125,19.902913,10.783406,2.342857,5.961126,5.014634,2.674684,24.538462,38.349838,1.2608695652,29,2.0909090909
0,non_fiction,hobbies,ce32,0.5892857143,0.2178217822,1.9130434783,0.7441860465,3.2463768116,2.0132890365,8.7826086957,4.3623188406,17.453782,9.454667,2.688228,6.513779,5.241578,3.007268,36.272727,36.349543,1.44,72,7.1428571429
0,non_fiction,hobbies,ce33,0.5337078652,0.152,1.6666666667,0.5686900958,3.1228070175,1.9968051118,10.9649122807,5.4912280702,18.150442,9.045824,2.407277,6.232362,4.537299,2.471081,21.928571,34.451756,0.8888888889,32,4
0,non_fiction,hobbies,ce34,0.2958801498,0.1187969925,3.5909090909,0.9368421053,12.1363636364,2.3333333333,30.2272727273,12.9545454545,18.954128,10.06072,2.545567,6.430695,4.997581,2.74677,33.333333,52.106195,10.1666666667,61,0.8571428571
0,non_fiction,hobbies,ce35,0.6666666667,0.2024866785,1.4430379747,0.5245398773,2.164556962,1.726993865,7.1265822785,4.1265822785,18.571429,14.320137,2.841962,6.052863,4.356663,2.315549,31.5,32.843242,1.1290322581,70,20.6666666667
0,non_fiction,hobbies,ce36,0.6700507614,0.2629482072,1.4042553191,0.7296296296,2.0957446809,1.8592592593,5.3404255319,2.8723404255,27.826667,13.298996,2.977175,7.260747,4.378055,2.433664,31.4,43.320203,1.9,38,6.6666666667
0,non_fiction,government,ch01,0.2657004831,0.0635103926,2.2916666667,0.8247011952,8.625,3.4501992032,36.0833333333,10.4583333333,14.127517,12.683704,2.867847,6.829989,5.481235,3.115779,41,55.111457,0.9047619048,19,21
0,non_fiction,government,ch02,0.4145454545,0.2084095064,1.4430379747,0.873015873,3.4810126582,1.7365079365,6.9240506329,3.9873417722,18.75,14.919251,3.090652,7.634553,5.092117,2.960207,35.125,40.47974,7.3333333333,44,6
0,non_fiction,government,ch03,0.5515463918,0.2003745318,0.8699186992,0.7950819672,1.5772357724,2.1885245902,4.3414634146,1.9837398374,24.554217,16.247523,2.915594,8.280665,4.529441,2.683659,28.375,34.88172,0.7142857143,15,4.2
0,non_fiction,government,ch04,0.5586592179,0.136425648,5,0.6280701754,8.95,2.5719298246,36.65,14.25,17.243902,10.219813,2.980337,7.872556,5.162111,2.929765,27.333333,34.477851,1.619047619,34,21
0,non_fiction,government,ch05,0.4056603774,0.1527531083,2.3888888889,0.6860841424,5.8888888889,1.8220064725,15.6388888889,8.5833333333,24.506024,13.282268,3.124424,8.538781,4.925762,2.759785,29.125,33.598503,0.35,7,20
0,non_fiction,government,ch06,0.192893401,0.044600939,2.9230769231,0.7786561265,15.1538461538,3.3675889328,65.5384615385,19.4615384615,20.401869,13.237486,2.52662,7.569079,5.374714,3.068427,29.230769,42.992224,1.7083333333,41,24
0,non_fiction,government,ch07,0.3991416309,0.1334289813,3.5769230769,0.8233215548,8.9615384615,2.4628975265,26.8076923077,10.8846153846,16.165414,9.788117,3.075823,7.705133,5.057209,2.818705,30,46.069118,2.1428571429,15,7
0,non_fiction,government,ch08,0.4796747967,0.081604426,0.8676470588,0.4900398406,1.8088235294,2.8804780876,10.6323529412,3.6911764706,25.580247,18.358477,3.20743,9.195689,4.680502,2.602391,38.111111,55.1955,1.4736842105,28,19
0,non_fiction,government,ch09,0.2712765957,0.0742358079,4.6363636364,0.743083004,17.0909090909,2.7154150198,62.4545454545,23,20.557692,26.401059,3.399046,10.28998,4.957905,2.921343,36.909091,39.61968,2.8888888889,26,9
0,non_fiction,government,ch10,0.1073170732,0.0273291925,4.4,0.9490740741,41,3.7268518519,161,43.2,19.299065,13.280732,2.597484,7.859393,5.553995,3.097154,35.8,43.041375,0.8571428571,24,28
0,non_fiction,government,ch11,0.267281106,0.081920904,19.3333333333,0.7614035088,72.3333333333,2.4842105263,236,95,20.821782,11.773772,2.564634,7.393271,5.292915,3.243309,25.727273,42.123392,5.8,29,5
0,non_fiction,government,ch12,0.3541666667,0.0822580645,10.2,0.5,28.8,2.1527777778,124,57.6,27.126582,26.381988,4.972158,13.92986,4.629025,2.731581,34.555556,39.327997,1.6,8,5
0,non_fiction,government,ch13,0.4502617801,0.1219858156,1.4576271186,0.6303630363,3.2372881356,2.3267326733,11.9491525424,5.1355932203,20.064815,11.99558,2.590692,7.216612,4.725472,2.694859,34,48.636406,2.2727272727,50,1.4666666667
0,non_fiction,government,ch14,0.335483871,0.075036075,5.7777777778,0.62,17.2222222222,2.772,77,27.7777777778,18.830357,14.916367,4.264646,11.094118,4.880152,2.834674,37.833333,39.012462,0.4716981132,25,53
0,non_fiction,government,ch15,0.36492891,0.1266447368,2.1388888889,0.6317365269,5.8611111111,1.8203592814,16.8888888889,9.2777777778,13.429487,7.42666,2.94382,6.80814,4.798664,2.594864,31.2,50.073546,8,32,4
0,non_fiction,government,ch16,0.4565217391,0.0866574966,3.3157894737,0.5307692308,7.2631578947,2.7961538462,38.2631578947,13.6842105263,26.962025,17.165201,3.116959,9.001839,4.89728,2.912136,37.111111,42.207015,0.186440678,11,59
0,non_fiction,government,ch17,0.8991596639,0.1626139818,1.1888888889,0.3449275362,1.3222222222,1.9072463768,7.3111111111,3.8333333333,21.613208,15.646792,3.424514,10.034279,4.694893,2.939944,34.916667,48.167171,0.4561403509,26,57
0,non_fiction,government,ch18,0.6042780749,0.237394958,0.8496240602,0.5736196319,1.4060150376,1.4601226994,3.5789473684,2.4511278195,24.176471,16.673457,2.842324,7.612142,4.749878,2.759054,28.375,31.076267,3.7142857143,26,0.2592592593
0,non_fiction,government,ch19,0.5051546392,0.1675213675,2.1304347826,0.662116041,4.2173913043,1.9965870307,12.7173913043,6.3695652174,22.021739,13.559834,2.890157,7.955345,4.942251,2.769015,30.571429,34.960619,2.7777777778,25,0.6923076923
0,non_fiction,government,ch20,0.3465909091,0.0767295597,6.1,0.7125506073,17.6,3.2186234818,79.5,24.7,20.813084,17.78224,3.24163,8.989715,5.146385,2.857668,41.571429,43.140492,27,27,1
0,non_fiction,government,ch21,0.3636363636,0.1459369818,3.52,0.8316151203,9.68,2.0721649485,24.12,11.64,23.8,10.855823,2.760309,7.787895,5.124183,2.968789,33,39.863657,10.8,54,5
0,non_fiction,government,ch22,0.3282442748,0.0535491905,3.5833333333,0.5435684647,10.9166666667,3.3319502075,66.9166666667,20.0833333333,27.710843,27.225754,4.189435,14.090541,4.978696,2.986925,31.1,33.545342,5.6666666667,17,3
0,non_fiction,government,ch23,0.3099173554,0.1295336788,2.8846153846,0.8897058824,9.3076923077,2.1286764706,22.2692307692,10.4615384615,29.4,20.832255,3.708108,8.627498,5.186589,3.005854,35.111111,40.708843,7.25,58,8
0,non_fiction,government,ch24,0.3975903614,0.100456621,0.6285714286,0.5076452599,1.580952381,2.0091743119,6.2571428571,3.1142857143,17.377953,13.705525,3.95,8.395854,4.45434,2.43007,32.444444,47.425055,1.3333333333,4,3
0,non_fiction,government,ch25,0.5144508671,0.1466227348,1.2361111111,0.6705426357,2.4027777778,2.3527131783,8.4305555556,3.5833333333,25.283951,13.044307,2.705416,8.301717,4.798828,2.784857,49,43.660623,1.2826086957,19.6666666667,46
0,non_fiction,government,ch26,0.5088757396,0.1232091691,1.7551020408,0.6787148594,3.4489795918,2.8032128514,14.2448979592,5.0816326531,28.785714,10.60309,2.786999,7.779037,4.944417,2.752826,35.888889,42.104221,0.6216216216,23,37
0,non_fiction,government,ch27,0.3348623853,0.1065693431,2.28125,0.7465753425,6.8125,2.345890411,21.40625,9.125,19.311927,11.154213,2.582822,6.297352,5.141568,2.797506,23.166667,39.68592,2.8,28,10
0,non_fiction,government,ch28,0.1097560976,0.0226415094,1.2,0.6804979253,10.9333333333,3.2987551867,53,16.0666666667,17.386555,10.892222,2.715223,8.727668,5.363944,3.016064,37.111111,46.753359,1.1578947368,22,19
0,non_fiction,government,ch29,0.407960199,0.1299524564,2.4848484848,0.8701298701,6.0909090909,2.7316017316,19.1212121212,7,28.616438,13.698945,2.849932,7.707431,4.944471,2.930792,32.222222,39.48777,1.4615384615,19,13
0,non_fiction,government,ch30,0.5050505051,0.1724137931,1.4492753623,0.7071428571,2.8695652174,2.0714285714,8.4057971014,4.0579710145,20.454545,9.306534,2.442702,6.449257,5.330864,3.100961,24.7,35.603511,2.1666666667,26,1.7142857143
0,non_fiction,learned,cj01,0.4056603774,0.143572621,10.75,0.8907563025,26.5,2.5168067227,74.875,29.75,28.929577,12.658376,3.511111,11.146896,4.875852,2.884784,33.25,34.87388,5.8333333333,35,6
0,non_fiction,learned,cj02,0.3831168831,0.0844062947,4.5384615385,0.5273972603,11.8461538462,2.3938356164,53.7692307692,22.4615384615,18.252252,9.625855,3.326765,10.517635,4.804047,2.822943,17.909091,31.497343,0.7777777778,7,9
0,non_fiction,learned,cj03,0.25,0.0928961749,1.6451612903,0.6200607903,6.5806451613,1.6686930091,17.7096774194,10.6129032258,24.25,11.118276,3.417785,10.270745,4.634266,2.772377,22.6,29.100515,0.4545454545,10,22
0,non_fiction,learned,cj04,0.347107438,0.125,4.2,0.8120805369,12.1,2.255033557,33.6,14.9,19.19469,10.32212,3.0125,8.206272,4.803135,2.943681,26.583333,35.581967,3.9230769231,51,13
0,non_fiction,learned,cj05,0.5393700787,0.2403508772,10.5384615385,0.7470588235,19.5384615385,1.6764705882,43.8461538462,26.1538461538,21.936842,11.082286,2.767596,6.887285,5.262476,2.972638,26.727273,34.383111,6.25,50,8
0,non_fiction,learned,cj06,0.4176470588,0.1074130106,4.7333333333,0.5666666667,11.3333333333,2.2033333333,44.0666666667,20,25.37037,15.115559,3.25832,9.295373,5.06177,2.993602,22.125,32.351343,31,31,1
0,non_fiction,learned,cj07,0.3049327354,0.1007407407,8.5,0.8814229249,27.875,2.6679841897,84.375,31.625,21.470588,10.265787,3.288288,10.51887,4.878082,2.887894,30.3,36.265824,4.3333333333,39,9
0,non_fiction,learned,cj08,0.3088235294,0.1549815498,3.1111111111,0.8717948718,10.0740740741,1.7371794872,20.0740740741,11.5555555556,17.876106,7.496468,2.652231,6.198472,5.168728,2.984163,28.75,42.839088,6,18,3
0,non_fiction,learned,cj09,0.2731707317,0.0835820896,18.6666666667,0.6386292835,68.3333333333,2.0872274143,223.3333333333,107,21.659794,10.801763,3.449918,7.775031,4.909091,3.141562,32.416667,41.377245,2.7647058824,47,17
0,non_fiction,learned,cj10,0.8305084746,0.2752808989,2.1617647059,0.6082474227,2.6029411765,1.8350515464,7.8529411765,4.2794117647,20.762887,9.317729,2.595361,7.107146,4.466733,2.283448,26.818182,42.430303,0.5789473684,3.6666666667,6.3333333333
0,non_fiction,learned,cj11,0.5463414634,0.1964912281,3.2,0.7142857143,5.8571428571,1.9860627178,16.2857142857,8.2,20.019608,11.645903,2.785812,6.922429,4.719393,2.629991,31.1,33.125368,0.65,13,20
0,non_fiction,learned,cj12,0.4166666667,0.2404809619,4.8,1.0786516854,11.52,1.8689138577,19.96,10.68,19.862745,10.34317,3.210777,8.302231,5.023198,2.912674,45.25,46.35933,0.6818181818,15,22
0,non_fiction,learned,cj13,0.4871794872,0.1206349206,5.0666666667,0.6554621849,10.4,2.6470588235,42,15.8666666667,26.736842,11.332729,3.776952,9.868582,4.722933,2.69651,38.888889,38.269351,0.2769230769,18,65
0,non_fiction,learned,cj14,0.4663212435,0.1485148515,2.7272727273,0.6126984127,5.8484848485,1.9238095238,18.3636363636,9.5454545455,19.166667,11.924531,2.804878,7.788351,5.220773,3.124325,42.25,39.155938,51,51,0.2
0,non_fiction,learned,cj15,0.2424242424,0.1206030151,14.4,1.0348432056,59.4,2.0801393728,119.4,57.4,17.756522,8.681406,2.524104,7.064753,5.305093,3.091561,42.888889,68.725613,3,21,7
0,non_fiction,learned,cj16,0.4463519313,0.1612403101,13,0.8175438596,29.125,2.2631578947,80.625,35.625,22.258065,13.159814,3.703041,8.262325,5.048792,2.874347,25.909091,28.741653,25,50,2
0,non_fiction,learned,cj17,0.2966666667,0.1609403255,2.696969697,1.0676156584,9.0909090909,1.9679715302,16.7575757576,8.5151515152,24.360465,12.947939,3.071848,9.413091,5.78568,3.45339,24.2,31.153812,1.8181818182,6.6666666667,11
0,non_fiction,learned,cj18,0.6567164179,0.2153344209,2.0625,0.7556390977,3.140625,2.3045112782,9.578125,4.15625,16.126984,10.360168,5.291667,13.377466,4.139764,2.883764,32.6,42.51635,0.7857142857,11,2.8
0,non_fiction,learned,cj19,0.5952380952,0.1715265866,2.1276595745,0.6511627907,3.5744680851,2.2596899225,12.4042553191,5.4893617021,16.03937,11.141468,3.717153,9.169646,4.536082,2.776806,46.2,41.36617,0.4210526316,32,4.4705882353
0,non_fiction,learned,cj20,0.485380117,0.1298904538,1.9302325581,0.7370689655,3.976744186,2.7543103448,14.8604651163,5.3953488372,19.018519,11.78667,5.02445,11.784096,4.130414,2.655852,31.222222,34.463436,37,37,1
0,non_fiction,learned,cj21,0.4379084967,0.1068580542,2.09375,0.632231405,4.78125,2.5909090909,19.59375,7.5625,25.948718,13.68407,6.266254,15.314161,4.151186,2.684288,33.444444,42.695592,0.4444444444,4,9
0,non_fiction,learned,cj22,0.4197080292,0.2254901961,2.5555555556,0.9133333333,6.0888888889,1.7,11.3333333333,6.6666666667,23.523256,11.342169,2.541457,6.952064,5.385566,2.999857,37.6,29.877082,9,18,2
0,non_fiction,learned,cj23,0.42,0.2346368715,2.3773584906,1.1152416357,5.6603773585,1.9962825279,10.1320754717,5.0754716981,18.527273,9.533395,2.557089,7.402961,5.244357,2.944724,50.285714,58.701945,3.6666666667,33,9
0,non_fiction,learned,cj24,0.4332129964,0.2090592334,3.75,1.0905511811,8.65625,2.2598425197,17.9375,7.9375,31.615385,12.837076,2.449344,7.329598,5.272019,3.027766,27.181818,33.184931,1.175,15.6666666667,13.3333333333
0,non_fiction,learned,cj25,0.337962963,0.1138845554,3.8421052632,0.8503937008,11.3684210526,2.5236220472,33.7368421053,13.3684210526,17.133333,12.276626,3.068657,9.539301,5.268969,3.024403,43,40.665886,0.7272727273,24,33
0,non_fiction,learned,cj26,0.3153526971,0.1206349206,4.75,0.8607142857,15.0625,2.25,39.375,17.5,20.39,10.862684,2.594148,7.014845,5.317803,3.113676,43.375,40.681499,4.25,34,8
0,non_fiction,learned,cj27,0.8217821782,0.3697104677,1.908045977,0.6158536585,2.3218390805,1.368902439,5.1609195402,3.7701149425,21.336842,10.669791,2.831006,6.620452,4.810064,2.60411,30.3,32.729345,0.7105263158,27,5.4285714286
0,non_fiction,learned,cj28,0.7602339181,0.2934537246,1.0743801653,0.4407216495,1.4132231405,1.1417525773,3.6611570248,3.2066115702,23.545455,13.862071,3.380098,7.543289,5.126448,2.979569,29.727273,25.020322,0.8431372549,43,17
0,non_fiction,learned,cj29,0.4873096447,0.1526232114,2.4,0.6566666667,4.925,2.0966666667,15.725,7.5,21.65625,10.921909,2.875519,7.831454,5.275613,3.071465,28.222222,35.470732,3.6,36,10
0,non_fiction,learned,cj30,0.6830985915,0.2072649573,0.7950819672,0.3333333333,1.1639344262,1.0985915493,3.8360655738,3.4918032787,19.5,12.201828,2.793388,7.128012,4.827909,2.819779,29.7,35.533224,1.1333333333,34,10
0,non_fiction,learned,cj31,0.7836538462,0.4244791667,1.0939597315,0.6956521739,1.3959731544,1.2842809365,2.5771812081,2.0067114094,33.52459,21.966149,2.778533,6.5745,4.689487,2.828412,36.454545,53.297388,1.3095238095,11,3.8181818182
0,non_fiction,learned,cj32,0.4802631579,0.1224832215,3.3181818182,0.4418604651,6.9090909091,1.7325581395,27.0909090909,15.6363636364,20.484848,9.793178,4.420479,12.802662,4.675209,2.821183,28.625,31.665981,26,52,2
0,non_fiction,learned,cj33,0.8797814208,0.3469827586,1.6947368421,0.4716494845,1.9263157895,1.1958762887,4.8842105263,4.0842105263,21.103093,14.084783,3.840525,8.904059,4.562775,2.630259,24.272727,27.432863,0.1714285714,6,1.5909090909
0,non_fiction,learned,cj34,0.6240875912,0.3555093555,3.2884615385,0.9102990033,5.2692307692,1.5980066445,9.25,5.7884615385,19.524272,10.376266,2.793056,6.510053,5.195425,3.04011,25.888889,37.465375,1.3636363636,15,11
0,non_fiction,learned,cj35,0.6467889908,0.2701149425,2.4736842105,0.7927272727,3.8245614035,1.8981818182,9.1578947368,4.8245614035,20.134615,12.810796,2.576876,5.762248,4.775656,2.998055,36.166667,44.881016,1.8421052632,35,2.7142857143
0,non_fiction,learned,cj36,0.7073170732,0.2053097345,1.5890410959,0.5324675325,2.2465753425,1.8344155844,7.7397260274,4.2191780822,24.97561,15.303416,2.596958,7.219344,4.799902,2.603819,34.555556,36.365769,0.3333333333,19,57
0,non_fiction,learned,cj37,0.5327510917,0.2170818505,6.4210526316,0.7923875433,12.0526315789,1.9446366782,29.5789473684,15.2105263158,24.807229,9.575896,2.668394,8.884048,5.246602,3.02664,33.125,46.315325,1,15,15
0,non_fiction,learned,cj38,0.3223443223,0.1405750799,5.5,0.9349315068,17.0625,2.1438356164,39.125,18.25,21.473684,9.677801,3.044776,7.114486,5.235784,2.826137,21.333333,31.780497,4.75,19,4
0,non_fiction,learned,cj39,0.7050691244,0.2886792453,2.3538461538,0.6977491961,3.3384615385,1.7041800643,8.1538461538,4.7846153846,21.884211,14.185881,2.538462,7.44139,4.761905,2.62862,40.2,43.203704,0.6833333333,41,4
0,non_fiction,learned,cj40,0.495412844,0.1865284974,3.1764705882,0.9045643154,6.4117647059,2.4024896266,17.0294117647,7.0882352941,29.028571,16.144854,2.983847,8.84844,4.86122,2.612702,19.636364,30.67505,3.1666666667,19,1.2
0,non_fiction,learned,cj41,0.5233160622,0.167218543,2.4047619048,0.6868327402,4.5952380952,2.1494661922,14.380952381,6.6904761905,24.666667,15.103873,3.630473,10.540808,4.750121,2.634383,31.3,31.774361,1.3428571429,47,35
0,non_fiction,learned,cj42,0.4473684211,0.2279693487,2.7045454545,0.8608414239,6.0454545455,1.6893203883,11.8636363636,7.0227272727,22.472527,11.568564,2.786104,7.970434,5.197555,3.051328,35.777778,35.288581,1.275862069,37,29
0,non_fiction,learned,cj43,0.4158878505,0.1410459588,2.225,0.7109634551,5.35,2.096345515,15.775,7.525,21.252632,10.451863,2.653088,7.257821,5.132739,2.898175,35.2,33.19277,0.8163265306,40,7
0,non_fiction,learned,cj44,0.5921052632,0.1446945338,3.9130434783,0.5049833887,6.6086956522,2.0664451827,27.0434782609,13.0869565217,26.589744,12.849659,3.405583,9.354259,5.020251,3.120309,30.4,31.834572,1.1111111111,20,6
0,non_fiction,learned,cj45,0.5241935484,0.1046698873,2.8260869565,0.3815384615,5.3913043478,1.9107692308,27,14.1304347826,18.740741,12.520628,3.339934,9.604212,5.046443,3.038751,26.2,31.217944,1.0625,17,5.3333333333
0,non_fiction,learned,cj46,0.7037037037,0.1626712329,1.4615384615,0.4299363057,2.0769230769,1.8598726115,8.9846153846,4.8307692308,22.655556,12.451828,2.925395,8.866305,4.899951,2.884195,26,34.101453,1.1578947368,22,6.3333333333
0,non_fiction,learned,cj47,0.4597156398,0.1722912966,1.564516129,0.6298507463,3.4032258065,1.6805970149,9.0806451613,5.4032258065,17.608696,11.122789,2.653997,7.062969,5.124938,2.871692,44.166667,43.982635,1.125,9,8
0,non_fiction,learned,cj48,0.7518796992,0.1445086705,1.5151515152,0.4801444043,2.0151515152,2.4981949458,10.4848484848,4.196969697,17.894737,10.041465,3.058471,6.992684,5.004412,2.826256,39.777778,39.247867,2.0526315789,39,0.358490566
0,non_fiction,learned,cj49,0.3393501805,0.1709090909,1.6785714286,1.0492424242,4.9464285714,2.0833333333,9.8214285714,4.7142857143,25.728395,12.438503,3.148036,7.915289,5.118522,2.823819,27.666667,31.513665,4.3333333333,65,1.6666666667
0,non_fiction,learned,cj50,0.5580357143,0.2177700348,4.3103448276,0.8682170543,7.724137931,2.2248062016,19.7931034483,8.8965517241,29.971429,16.728053,3.47351,9.41963,4.9347,2.808646,32.583333,33.959432,0.7796610169,15.3333333333,59
0,non_fiction,learned,cj51,0.3282442748,0.1555153707,1.9111111111,0.9128919861,5.8222222222,1.9268292683,12.2888888889,6.3777777778,20.22,11.162957,2.520548,7.737152,5.256917,3.096951,28.9,33.60491,0.8125,13,1.4545454545
0,non_fiction,learned,cj52,1.0261437908,0.4577259475,0.8722222222,0.3768472906,0.85,0.8448275862,1.9055555556,2.2555555556,21.020833,12.923637,3.695971,7.831739,4.278989,2.303951,32.5,37.037144,0.2222222222,4,1.0588235294
0,non_fiction,learned,cj53,0.8944723618,0.4178403756,1.7115384615,0.67003367,1.9134615385,1.4343434343,4.0961538462,2.8557692308,28.760563,16.368524,2.981022,7.799191,4.709598,2.686418,36.8,45.888561,1.4,35,1.6666666667
0,non_fiction,learned,cj54,0.5555555556,0.3048780488,3.75,0.9747292419,6.75,1.7761732852,12.3,6.925,20.886598,9.823049,2.608752,7.969945,4.904292,2.643926,36.125,41.843272,2.6666666667,24,9
0,non_fiction,learned,cj55,1.1157894737,0.1955719557,1.0095238095,0.2473958333,0.9047619048,1.4114583333,5.1619047619,3.6571428571,23.593023,10.095334,2.438702,6.815818,4.521439,2.28742,24.636364,37.765479,0.3928571429,11,5.6
0,non_fiction,learned,cj56,0.5619047619,0.0699052133,2.5652173913,0.4338842975,4.5652173913,3.4876033058,36.6956521739,10.5217391304,20.49,11.128787,2.583859,6.916059,4.810151,2.652949,42.444444,47.637779,0.2333333333,14,60
0,non_fiction,learned,cj57,0.5850622407,0.2955974843,1.3689320388,0.8368055556,2.3398058252,1.65625,4.6310679612,2.7961165049,23.390805,13.772667,2.72423,7.849419,4.692875,2.69817,34.125,28.906909,0.6176470588,21,6.8
0,non_fiction,learned,cj58,0.5245901639,0.0927536232,1.1228070175,0.3948220065,2.1403508772,2.2330097087,12.1052631579,5.4210526316,25.097561,13.139597,2.8,8.258873,4.819242,2.663576,37.888889,41.232254,0.1470588235,10,68
0,non_fiction,learned,cj59,0.7539267016,0.3044397463,1.92,0.6262295082,2.5466666667,1.5508196721,6.3066666667,4.0666666667,28.486111,13.097914,3.06577,8.445827,4.740614,2.635134,36.444444,38.497074,3.75,75,20
0,non_fiction,learned,cj60,0.7268041237,0.2223974763,2.9375,0.6531986532,4.0416666667,2.1346801347,13.2083333333,6.1875,26.240506,11.606649,2.347678,6.824135,4.88712,2.624754,34.4,36.903116,1.3125,63,16
0,non_fiction,learned,cj61,0.5893719807,0.23828125,2.1403508772,0.5931232092,3.6315789474,1.4670487106,8.9824561404,6.1228070175,23.089888,12.670093,2.434834,7.271757,4.613139,2.464487,39.777778,51.576863,0.2857142857,14,49
0,non_fiction,learned,cj62,0.7281553398,0.3303964758,1.1363636364,0.7228070175,1.5606060606,1.5929824561,3.4393939394,2.1590909091,24.117647,10.895668,2.507335,6.931772,4.649439,2.753744,32.428571,38.496223,0.8571428571,12,14
0,non_fiction,learned,cj63,0.5321888412,0.2393822394,1.4090909091,0.7664473684,2.6477272727,1.7039473684,5.8863636364,3.4545454545,23.386364,14.236981,2.60177,6.61393,4.896987,2.790216,32.3,42.016782,0.4736842105,18,2.5333333333
0,non_fiction,learned,cj64,0.567961165,0.2154696133,1.193877551,0.7152777778,2.1020408163,1.8854166667,5.5408163265,2.9387755102,18.178571,8.085717,2.363109,7.333721,4.713304,2.608713,34.8,38.731899,1.0243902439,42,13.6666666667
0,non_fiction,learned,cj65,0.6428571429,0.2432432432,1.3695652174,0.7205882353,2.1304347826,1.9044117647,5.6304347826,2.9565217391,25.04878,14.251147,2.80985,7.59622,4.39776,2.397056,53.777778,36.413605,0.4731182796,44,93
0,non_fiction,learned,cj66,0.5972850679,0.2233502538,1.4347826087,0.8277153558,2.402173913,2.2134831461,6.4239130435,2.902173913,17.964602,10.130065,2.391048,6.508685,4.802463,2.743715,38.5,51.649298,4.0476190476,85,7
0,non_fiction,learned,cj67,0.50390625,0.255952381,2.58,0.8476821192,5.12,1.6688741722,10.08,6.04,26.25641,13.019153,2.677124,7.082082,4.837402,2.675377,26,28.534579,3.4444444444,31,9
0,non_fiction,learned,cj68,0.6474358974,0.1686143573,1.2469135802,0.5693430657,1.9259259259,2.1861313869,7.3950617284,3.3827160494,36.070175,17.621617,2.368664,6.81267,4.719358,2.732485,44.272727,50.598403,0.3333333333,15.3333333333,46
0,non_fiction,learned,cj69,0.4011299435,0.1041055718,5.0714285714,0.5654952077,12.6428571429,2.178913738,48.7142857143,22.3571428571,20.156863,11.596775,4.02544,9.446178,4.847837,2.746755,30.3,37.094609,1.9090909091,21,11
0,non_fiction,learned,cj70,0.2836538462,0.087797619,5.9,0.7147766323,20.8,2.3092783505,67.2,29.1,17.788136,7.693109,3.296703,8.855807,4.77619,2.715108,30.5,45.135906,9.6666666667,29,3
0,non_fiction,learned,cj71,0.4935622318,0.1939291737,3.8333333333,0.6873156342,7.7666666667,1.7492625369,19.7666666667,11.3,16.365079,7.620569,2.753004,6.560726,5.393307,3.060181,33,46.735663,2.7,27,10
0,non_fiction,learned,cj72,0.2755905512,0.0919842313,7.7777777778,0.8552188552,28.2222222222,2.5622895623,84.5555555556,33,18.9375,11.437939,2.335903,6.711368,5.478548,3.35902,52.375,51.683986,63,63,1
0,non_fiction,learned,cj73,0.2299465241,0.0534825871,10.75,0.6584507042,46.75,2.8309859155,201,71,11.562162,8.372263,2.756443,7.574796,5.267882,3.189328,38.75,57.304923,1.25,20,8
0,non_fiction,learned,cj74,0.3733333333,0.1184767278,7.6363636364,0.8241758242,20.4545454545,2.5970695971,64.4545454545,24.8181818182,19.175926,12.14254,2.761333,7.192985,5.464993,3.317805,28.272727,42.244076,3.1111111111,28,3
0,non_fiction,learned,cj75,0.7571428571,0.1709677419,8.1538461538,0.4375,10.7692307692,1.9375,47.6923076923,24.6153846154,22.163043,13.018613,3.729433,12.122769,4.771569,2.772727,22.333333,32.174869,1.3333333333,4,0.6
0,non_fiction,learned,cj76,0.4391304348,0.1489675516,5.9411764706,0.7491856678,13.5294117647,2.2084690554,39.8823529412,18.0588235294,21.683673,12.069186,2.48538,6.428879,5.031529,2.823005,32.083333,47.429699,5.4,54,10
0,non_fiction,learned,cj77,0.3532608696,0.092724679,16.25,0.4766839378,46,1.8160621762,175.25,96.5,18.97541,11.618571,3.307143,9.024646,4.653564,2.735903,31.75,41.503263,13.1428571429,92,7
0,non_fiction,learned,cj78,0.2810218978,0.1092198582,3.5,0.9785714286,12.4545454545,2.5178571429,32.0454545455,12.7272727273,17.583333,10.053675,3.077259,7.745111,5.153955,3.180126,37.272727,41.00131,5.4444444444,49,9
0,non_fiction,learned,cj79,0.5654761905,0.1635111876,2.7142857143,0.5733788396,4.8,1.9829351536,16.6,8.3714285714,21.195876,10.102199,4.328421,13.512004,4.428016,2.672397,23.9,30.104651,1.375,3.6666666667,8
0,non_fiction,learned,cj80,0.4198895028,0.1245901639,4.75,0.4905149051,11.3125,1.6531165312,38.125,23.0625,17.991379,8.8974,3.90824,11.832516,4.955438,2.986221,31.111111,40.7334,14.6666666667,44,3
1,fiction,fiction,ck01,1.2012987013,0.403930131,1.0109289617,0.3869346734,0.8415300546,1.1507537688,2.5027322404,2.174863388,11.994186,9.534818,2.651671,6.233111,4.29714,2.259558,73.75,57.312193,0.2846153846,37,7.6470588235
1,fiction,fiction,ck02,0.8169014085,0.2343434343,0.8285714286,0.3717277487,1.0142857143,1.2958115183,3.5357142857,2.7285714286,14.468085,8.981899,2.391559,6.247083,4.361275,2.126483,45.111111,45.722458,0.4444444444,5.6,4.8461538462
1,fiction,fiction,ck03,0.7692307692,0.2330508475,0.5729166667,0.3723958333,0.7447916667,1.2291666667,2.4583333333,2,15,9.466807,2.527675,6.652564,4.102676,2.159947,52.142857,45.113915,0.3965517241,23,3.8666666667
1,fiction,fiction,ck04,0.8780487805,0.3012552301,1.0909090909,0.446866485,1.2424242424,1.3024523161,3.6212121212,2.7803030303,15.790698,10.622978,2.726908,6.878783,4.426117,2.274933,35.2,45.663552,0.5135135135,6.3333333333,3.3636363636
1,fiction,fiction,ck05,1.6990291262,0.399543379,0.9259259259,0.2384259259,0.544973545,1.0138888889,2.3174603175,2.2857142857,11.632184,7.898952,2.757493,6.579718,4.14081,2.078127,34.545455,59.104474,0.0588235294,0.4,6.8
1,fiction,fiction,ck06,0.8571428571,0.204778157,0.8571428571,0.3713527851,1,1.5543766578,4.1857142857,2.6928571429,10.209756,6.841046,2.270065,6.441103,4.419971,2.201273,64.444444,53.919922,0.3647058824,0.5081967213,7.7272727273
1,fiction,fiction,ck07,1.4,0.4607594937,0.6476868327,0.3155339806,0.462633452,0.9587378641,1.4056939502,1.4661921708,8.354167,6.881405,2.685408,5.614462,4.040877,2.045184,54.818182,62.90515,0.2391304348,0.4888888889,1.9574468085
1,fiction,fiction,ck08,1.3059701493,0.4176610979,1.1006289308,0.3701657459,0.8427672956,1.1574585635,2.6352201258,2.2767295597,14.387324,13.133576,2.768293,6.78007,4.338228,2.289956,57.625,42.408541,0.1208791209,0.3793103448,2.2195121951
1,fiction,fiction,ck09,1.2448979592,0.2925659472,0.6069651741,0.2512820513,0.4875621891,1.0692307692,2.0746268657,1.9402985075,21.860215,11.944848,2.929395,7.72935,4.071323,2.046515,38.375,43.072432,0.34375,1,32
1,fiction,fiction,ck10,0.9243697479,0.2040816327,0.8148148148,0.2938271605,0.8814814815,1.3308641975,3.9925925926,3,13.076923,8.738024,2.331429,6.52747,4.391667,2.219793,52.444444,45.826026,0.1866666667,0.4242424242,2.5862068966
1,fiction,fiction,ck11,0.8839285714,0.1882129278,0.6305732484,0.2894056848,0.7133757962,1.3591731266,3.3503184713,2.4649681529,13.236842,10.311425,2.738776,8.012902,4.154993,2.020959,57.375,57.982621,0.4489795918,4.4,1.6896551724
1,fiction,fiction,ck12,0.6706586826,0.2055045872,0.7368421053,0.4282051282,1.0986842105,1.3974358974,3.5855263158,2.5657894737,14.863309,9.86032,2.214362,5.710516,4.545499,2.367314,52.7,52.909451,0.6666666667,54,9
1,fiction,fiction,ck13,0.9032258065,0.2281059063,0.64,0.328042328,0.7085714286,1.2989417989,2.8057142857,2.16,14.647482,10.664851,2.647594,7.255642,4.274558,2.15047,57.75,47.578225,0.5068493151,37,2.92
1,fiction,fiction,ck14,0.803030303,0.2007575758,0.7412587413,0.3446475196,0.9230769231,1.3785900783,3.6923076923,2.6783216783,14.607143,9.558613,2.434524,6.111114,4.470905,2.379776,42.777778,43.232647,0.1754385965,3.3333333333,6.3333333333
1,fiction,fiction,ck15,0.9259259259,0.1751313485,0.5813953488,0.2713567839,0.6279069767,1.4346733668,3.3197674419,2.3139534884,16.07874,8.910408,2.563363,6.812238,4.362212,2.188159,54.125,49.677554,0.0102040816,0.0666666667,6.5333333333
1,fiction,fiction,ck16,0.5235602094,0.1730103806,1.0309278351,0.5950155763,1.9690721649,1.800623053,5.9587628866,3.3092783505,16.23622,10.537116,2.170526,6.363578,4.366149,2.163599,35.1,45.493846,1.52,38,1.4705882353
1,fiction,fiction,ck17,0.8870967742,0.1943462898,0.6790123457,0.3522727273,0.7654320988,1.6079545455,3.4938271605,2.1728395062,10.903743,7.550283,2.396005,6.123249,4.299657,2.270124,73.285714,50.728167,0.1826086957,2.3333333333,2.8048780488
1,fiction,fiction,ck18,1.075862069,0.3741007194,0.6117647059,0.3460620525,0.568627451,0.9952267303,1.6352941176,1.6431372549,13.662252,9.557,2.787838,6.467349,4.022298,2.208802,65.6,52.301434,0.0093457944,1,11.8888888889
1,fiction,fiction,ck19,1.0808823529,0.3379310345,0.8698224852,0.3333333333,0.8047337278,1.0661764706,2.573964497,2.4142011834,17.694915,13.439449,2.848568,8.006153,4.26772,2.301023,46.125,38.181925,0.2876712329,21,4.8666666667
1,fiction,fiction,ck20,0.9854014599,0.2806652807,0.7894736842,0.3549222798,0.8011695906,1.2461139896,2.8128654971,2.2573099415,14.818841,9.183504,2.308126,5.864235,4.366748,2.358249,56.222222,49.517175,0.2920353982,3,5.9473684211
1,fiction,fiction,ck21,0.9054054054,0.280334728,0.9115646259,0.3490566038,1.0068027211,1.1273584906,3.2517006803,2.8843537415,9.869565,6.190798,2.452581,6.676218,4.300538,2.099748,61.285714,56.977976,2.1481481481,4.4615384615,0.5510204082
1,fiction,fiction,ck22,1.0388349515,0.2157258065,0.5169082126,0.2594458438,0.4975845411,1.2493702771,2.3961352657,1.9178743961,15.313433,9.956186,2.570713,6.228016,4.218111,2.206952,66.375,56.99767,0.1698113208,1.6363636364,4.24
1,fiction,fiction,ck23,0.7191011236,0.2729211087,0.8827586207,0.4903581267,1.2275862069,1.2920110193,3.2344827586,2.5034482759,18.654545,11.694938,2.439952,7.278004,4.427388,2.217486,36.8,44.019995,0.4181818182,23,6.1111111111
1,fiction,fiction,ck24,2.1046511628,0.4931880109,0.6114864865,0.16796875,0.2905405405,0.716796875,1.2398648649,1.7297297297,9.554545,9.990529,3.642981,7.432475,3.56137,1.759247,96,81.452879,0.1066666667,24,6.0810810811
1,fiction,fiction,ck25,1.0629370629,0.3593380615,0.9440993789,0.4255952381,0.8881987578,1.2589285714,2.6273291925,2.0869565217,30.343284,19.96456,2.519207,6.560315,4.327103,2.221998,28.555556,39.29408,1.0526315789,2.8571428571,6.3333333333
1,fiction,fiction,ck26,1.4636363636,0.359375,0.7853658537,0.2588235294,0.5365853659,1.0541176471,2.1853658537,2.0731707317,15.110294,9.741265,2.969653,6.627404,4.005353,1.898,47.727273,49.965608,0.1891891892,2.3333333333,5.2857142857
1,fiction,fiction,ck27,0.8484848485,0.2204724409,1,0.3728813559,1.1785714286,1.4350282486,4.5357142857,3.1607142857,21.6875,13.378553,2.514493,7.875605,4.430355,2.327879,45.75,42.499265,0.2173913043,15,6.2727272727
1,fiction,fiction,ck28,0.9826086957,0.2325102881,0.4913043478,0.2619589977,0.5,1.1070615034,2.1130434783,1.9086956522,10.97861,7.1095,2.831724,6.566316,3.981978,1.921034,63.545455,66.131224,0.1445783133,1.1428571429,6.1481481481
1,fiction,fiction,ck29,0.6329113924,0.2247191011,0.6097560976,0.427027027,0.9634146341,1.2027027027,2.7134146341,2.256097561,23.835294,16.698607,2.312785,6.404399,4.401283,2.424044,27,38.200428,0.9545454545,3,0.6666666667
1,fiction,mystery,cl01,1.1259259259,0.3698296837,0.5735849057,0.3391959799,0.5094339623,1.0326633166,1.5509433962,1.5018867925,13.793333,9.632097,2.849862,6.973843,3.960367,2.187308,55.7,57.161263,0.1329113924,7,3.6744186047
1,fiction,mystery,cl02,1.2685185185,0.3317191283,0.5546558704,0.2505800464,0.4372469636,0.9582366589,1.6720647773,1.7449392713,14.312925,10.155795,3.217125,8.534976,3.877376,2.168996,66.375,57.896324,0.1543209877,8.3333333333,7.0434782609
1,fiction,mystery,cl03,1.495412844,0.3662921348,0.6763485477,0.2564705882,0.4522821577,1.0470588235,1.846473029,1.7634854772,10.925926,9.884241,2.860111,6.525984,3.989831,1.933618,65.777778,52.486565,0.4068965517,59,1.9333333333
1,fiction,mystery,cl04,1.2231404959,0.3340857788,0.8087431694,0.3017456359,0.6612021858,1.1047381546,2.4207650273,2.1912568306,12.130952,6.400855,2.842399,6.994438,4.169284,2.046635,55.5,55.512011,0.35,14,4.4444444444
1,fiction,mystery,cl05,1.4423076923,0.3048780488,0.7978723404,0.2680412371,0.5531914894,1.2680412371,2.6170212766,2.0638297872,13.827815,9.898666,2.863201,6.961328,4.083612,2.061451,89.833333,47.844946,0.1558441558,24,4.6666666667
1,fiction,mystery,cl06,1.1721311475,0.3445783133,0.6941747573,0.3177083333,0.5922330097,1.0807291667,2.0145631068,1.8640776699,14.090278,6.846444,3.060332,8.347251,4.083292,1.936259,39.125,51.849391,0.3939393939,13,11
1,fiction,mystery,cl07,1.0143884892,0.2837022133,0.746031746,0.373655914,0.7354497354,1.3360215054,2.6296296296,1.9682539683,14.486111,8.749592,2.627204,6.211192,4.185523,2.20598,77.833333,45.392425,0.3302752294,36,5.1904761905
1,fiction,mystery,cl08,1.7730496454,0.6009615385,1.0729613734,0.3578680203,0.6051502146,1.0558375635,1.7854077253,1.6909871245,14.825175,12.525395,3.05036,5.80365,3.918868,2.064073,78.111111,67.049641,0.7631578947,7.7333333333,5.6296296296
1,fiction,mystery,cl09,1.5963302752,0.370212766,0.90625,0.2449438202,0.5677083333,1.0561797753,2.4479166667,2.3177083333,12.858025,9.175832,2.997122,6.770651,4.178108,2.096212,54.777778,48.622761,0.4607843137,4.2727272727,7.8461538462
1,fiction,mystery,cl10,1.7943925234,0.483627204,0.7529411765,0.2321041215,0.4196078431,0.8611713666,1.5568627451,1.8078431373,11.472222,7.563384,3.063798,6.380173,4.261985,2.181506,60.875,62.472869,0.1954022989,17,3
1,fiction,mystery,cl11,1.0410958904,0.3593380615,0.76,0.3613861386,0.73,1.047029703,2.115,2.02,13.938776,11.397114,2.616858,6.019875,4.256223,2.266147,77.333333,46.172382,0.1100917431,12,4.037037037
1,fiction,mystery,cl12,1.0310077519,0.2747933884,0.6751269036,0.2853982301,0.654822335,1.0707964602,2.4568527919,2.2944162437,10.545918,7.152346,2.387991,5.754568,4.3206,2.350197,77.875,63.27013,0.2075471698,11,4.5428571429
1,fiction,mystery,cl13,1.4144144144,0.3755980861,0.6796536797,0.2483221477,0.4805194805,0.9351230425,1.8095238095,1.9350649351,11.774011,9.165447,2.870523,6.866679,3.990883,1.980571,69.875,58.426102,0.1654676259,4.6,5.56
1,fiction,mystery,cl14,1.1448275862,0.3300198807,1.3833333333,0.364321608,1.2083333333,1.2638190955,4.1916666667,3.3166666667,10.314721,7.673703,2.643693,5.609806,4.353665,2.250509,52,56.712994,1.1836734694,19.3333333333,0.7538461538
1,fiction,mystery,cl15,0.8633093525,0.2277039848,0.7792207792,0.3915492958,0.9025974026,1.4845070423,3.4220779221,2.3051948052,13.529412,10.428755,2.531785,5.75983,4.416224,2.441317,55.888889,53.819543,0.25,26,11.5555555556
1,fiction,mystery,cl16,1.0806451613,0.2938596491,0.7243243243,0.2995169082,0.6702702703,1.1014492754,2.4648648649,2.2378378378,11.306011,8.037094,2.845942,7.52353,4.204447,2.194783,61.222222,41.994121,0.3089430894,7.6,2.1578947368
1,fiction,mystery,cl17,1.3333333333,0.2608695652,1.0285714286,0.2934782609,0.7714285714,1.5,3.9428571429,2.6285714286,17.065574,17.930073,2.472684,6.135434,4.324207,2.345531,43.25,49.868368,0.2962962963,5.7142857143,7.1052631579
1,fiction,mystery,cl18,1.6494845361,0.4312668464,0.6130268199,0.2170022371,0.3716475096,0.8299776286,1.4214559387,1.7126436782,15.096296,9.569143,2.936599,7.11345,4.06526,2.075645,54.5,45.670012,0.0825688073,9,3.5161290323
1,fiction,mystery,cl19,1.3980582524,0.2790697674,1.1900826446,0.2791327913,0.8512396694,1.3983739837,4.2644628099,3.0495867769,13.890411,8.43275,2.563843,7.356252,4.357988,2.152713,50.25,49.986873,0.0882352941,0.8571428571,3.2380952381
1,fiction,mystery,cl20,0.9183673469,0.2611218569,0.6617647059,0.3730964467,0.7205882353,1.3121827411,2.5343137255,1.931372549,11.828571,7.110096,2.696615,6.003722,3.845968,1.929199,74.888889,64.545323,0.3081395349,4.8181818182,4.6486486486
1,fiction,mystery,cl21,0.6797385621,0.1922365989,0.8188976378,0.4026315789,1.2047244094,1.4236842105,4.2598425197,2.9921259843,9.832536,6.012403,2.471154,6.636448,4.251946,2.155381,70.125,59.610061,0.3596491228,1.64,4.56
1,fiction,mystery,cl22,1.0653594771,0.373853211,0.7836538462,0.4285714286,0.7355769231,1.2212885154,2.0961538462,1.7163461538,14.65,10.421766,2.629487,6.071784,4.100439,2.121988,43.1,53.806041,0.4666666667,4,3.1578947368
1,fiction,mystery,cl23,1.6991150442,0.4671532847,0.880733945,0.2634032634,0.5183486239,0.958041958,1.8853211009,1.9678899083,12.81875,7.882633,2.809589,6.419846,4.137006,2.137463,47.333333,49.055524,0.4324324324,3.5555555556,3.5238095238
1,fiction,mystery,cl24,1.8282828283,0.4775725594,0.6033333333,0.2239819005,0.33,0.8574660633,1.2633333333,1.4733333333,12.77381,8.208374,3.101156,6.684781,3.812675,1.997517,64.777778,62.262487,0.1588235294,5.4,8.0952380952
1,fiction,science_fiction,cm01,0.975308642,0.3333333333,0.797979798,0.3656884876,0.8181818182,1.0699774266,2.3939393939,2.2373737374,11.862069,11.802174,2.4,5.16162,4.335756,2.290476,61.545455,54.027541,0.4620253165,3.4761904762,4.7878787879
1,fiction,science_fiction,cm02,0.8662420382,0.2839248434,1.088,0.423180593,1.256,1.2911051213,3.832,2.968,13.381579,8.336614,2.539326,6.519443,4.516224,2.451292,44.909091,55.117155,0.1621621622,0.8,3.8947368421
1,fiction,science_fiction,cm03,1.2753623188,0.4074074074,1.0864197531,0.3547557841,0.8518518519,1.1105398458,2.6666666667,2.4012345679,14.152778,9.381808,2.77415,6.419412,4.329573,2.27386,45.9,45.870361,0.3414634146,9.3333333333,3.9047619048
1,fiction,science_fiction,cm04,1.033557047,0.3445190157,0.7368421053,0.3762626263,0.7129186603,1.1287878788,2.1387559809,1.8947368421,10.461929,7.214961,2.550743,5.858894,4.261038,2.278474,79.625,64.068201,0.1234567901,6.6666666667,2.9454545455
1,fiction,science_fiction,cm05,0.5514018692,0.2181146026,1.1919191919,0.6131805158,2.1616161616,1.5501432665,5.4646464646,3.5252525253,16.933333,10.280834,2.154825,5.819246,4.932087,2.662128,48,53.209022,0.1826923077,19,6.9333333333
1,fiction,science_fiction,cm06,0.9787234043,0.3094170404,0.6865671642,0.3447432763,0.7014925373,1.0904645477,2.2189054726,2.0348258706,12.950311,8.993995,2.887812,6.592608,4.164508,2.081386,54.111111,48.003344,0.4680851064,4.8888888889,4.4761904762
1,fiction,adventure,cn01,1.4563106796,0.3816793893,0.5494505495,0.2244008715,0.3772893773,0.8562091503,1.4395604396,1.6813186813,12.00578,7.720925,3.185583,6.80136,3.841117,1.913836,81,74.948316,0.0154639175,3,7.1851851852
1,fiction,adventure,cn02,1.2592592593,0.3076923077,0.5666666667,0.2553191489,0.45,1.0449172577,1.8416666667,1.7625,12.046512,9.055266,3.016012,7.429516,3.944015,1.873343,58.111111,55.566666,0.2814814815,5.4285714286,10.3846153846
1,fiction,adventure,cn03,1.0975609756,0.1807228916,0.5113636364,0.1880733945,0.4659090909,1.1422018349,2.8295454545,2.4772727273,9.566038,6.22763,2.759184,7.675775,4.246548,2.062716,72.571429,60.369948,0.0517241379,0.1818181818,8.9230769231
1,fiction,adventure,cn04,0.8208955224,0.219123506,0.650887574,0.3252427184,0.7928994083,1.2184466019,2.9704142012,2.4378698225,11.488764,7.891995,2.580076,6.390721,4.154936,2.085406,59.125,50.530777,0.0884955752,0.303030303,12.5555555556
1,fiction,adventure,cn05,1.5849056604,0.4615384615,0.5957446809,0.232967033,0.3758865248,0.8,1.2907801418,1.6134751773,10.673469,6.935969,3.090103,6.980825,3.916826,1.879436,73.25,65.381094,0.2054794521,30,9.7333333333
1,fiction,adventure,cn06,1.2941176471,0.382133995,0.6637931034,0.3190348525,0.5129310345,1.0804289544,1.7370689655,1.6077586207,15.992126,8.575277,2.67942,7.546959,4.276219,2.397484,27.9,43.553301,0.9090909091,3.3333333333,0.8461538462
1,fiction,adventure,cn07,0.9166666667,0.1803278689,0.4974874372,0.2615012107,0.5427135678,1.3292978208,2.7587939698,2.0753768844,10.378109,6.832489,2.532767,6.195551,4.203642,2.072992,91.666667,62.066273,0.0878378378,13,5.92
1,fiction,adventure,cn08,1.0067567568,0.3522458629,1.0136054422,0.3864229765,1.0068027211,1.1044386423,2.8775510204,2.6054421769,17.77193,9.886226,2.383529,6.818053,4.553307,2.238136,42.857143,46.30467,3.2,32,0.9090909091
1,fiction,adventure,cn09,1.8290598291,0.5390428212,0.8136882129,0.2826086957,0.4448669202,0.9589371981,1.5095057034,1.5741444867,11.61326,7.114272,2.61118,5.834285,4.067555,2.231639,56.5,59.483191,0.4444444444,2.9565217391,3.4
1,fiction,adventure,cn10,1.3838383838,0.2818930041,0.6227272727,0.2487437186,0.45,1.2211055276,2.2090909091,1.8090909091,10.437186,5.908415,2.760956,6.124101,4.111111,1.978642,72.333333,66.139583,0.2469135802,2.6666666667,6.48
1,fiction,adventure,cn11,0.9097222222,0.2467043315,1,0.3564356436,1.0992366412,1.3143564356,4.0534351145,3.0839694656,16.338583,9.93936,2.537897,6.171086,4.324181,2.249045,38.727273,42.435172,0.2830188679,1.3043478261,11.7777777778
1,fiction,adventure,cn12,1.6666666667,0.2874743326,0.6965174129,0.1791044776,0.4179104478,1.0383795309,2.4228855721,2.3333333333,11.295699,6.275373,2.89931,7.033678,4.025214,2.010872,77.5,69.831941,0.079787234,2.1428571429,6.962962963
1,fiction,adventure,cn13,1.2868217054,0.3387755102,1.0849673203,0.3467741935,0.8431372549,1.3172043011,3.2026143791,2.431372549,17.131148,11.313673,2.458824,6.233218,4.178947,2.082632,72,60.842009,0.1352941176,0.7931034483,18.8888888889
1,fiction,adventure,cn14,1.253968254,0.3427331887,0.9239766082,0.3007159905,0.7368421053,1.1002386635,2.6959064327,2.4502923977,12.220238,7.195754,2.35977,5.862838,4.330736,2.142788,60.25,52.634946,0.2121212121,1.4,5.8235294118
1,fiction,adventure,cn15,0.875,0.197740113,0.724137931,0.3342618384,0.8275862069,1.4791086351,3.6620689655,2.475862069,11.715909,7.236977,2.731126,7.167848,4.237148,2.077667,49,55.430136,0.2222222222,1.7777777778,24
1,fiction,adventure,cn16,0.8895348837,0.2751798561,1.275,0.5,1.4333333333,1.6162790698,4.6333333333,2.8666666667,16.372093,13.47813,2.394558,5.856823,4.320549,2.33732,50.090909,51.133434,0.6228070175,14.2,6
1,fiction,adventure,cn17,1.3983050847,0.390070922,0.6420233463,0.2744186047,0.4591439689,0.9837209302,1.6459143969,1.673151751,11.207447,10.110272,2.828188,6.437308,3.895586,2.125291,87.555556,74.797669,0.3431372549,6.3636363636,4.9756097561
1,fiction,adventure,cn18,1.2413793103,0.4,0.4897959184,0.2871287129,0.3945578231,0.8910891089,1.2244897959,1.3741496599,16.055556,10.11388,2.857345,6.553193,3.971824,2.211438,32.636364,32.969056,0.3432835821,2.0909090909,3.9411764706
1,fiction,adventure,cn19,1.0666666667,0.280155642,0.808988764,0.3534031414,0.7584269663,1.3455497382,2.8876404494,2.1460674157,14.205479,10.846322,2.53602,5.879715,4.231584,2.130731,46.363636,49.073734,0.2068965517,1.6363636364,3
1,fiction,adventure,cn20,0.8074534161,0.3002309469,0.7065217391,0.4160206718,0.875,1.1188630491,2.3532608696,2.1032608696,12.91195,6.990005,2.461631,6.376222,4.207014,2.030817,54.5,49.312777,0.2345679012,1.2666666667,9
1,fiction,adventure,cn21,0.7712418301,0.2336633663,0.7329192547,0.4180327869,0.950310559,1.3797814208,3.1366459627,2.2732919255,14.384615,9.178817,2.318694,5.870871,4.276833,2.28348,38.909091,40.652529,0.5125,3.7272727273,11.4285714286
1,fiction,adventure,cn22,1.2666666667,0.3220338983,0.987012987,0.3076923077,0.7792207792,1.2102564103,3.0649350649,2.5324675325,14.485915,9.586328,2.852982,7.377517,4.125912,1.996398,52.375,41.596086,0.2526315789,4.8,3.064516129
1,fiction,adventure,cn23,1.1691176471,0.3375796178,0.9636363636,0.3885714286,0.8242424242,1.3457142857,2.8545454545,2.1212121212,15.937984,14.410242,2.59068,7.081033,4.202236,2.101909,46.222222,52.592306,0.5737704918,35,3.5882352941
1,fiction,adventure,cn24,1.3333333333,0.3990498812,0.6857142857,0.2957746479,0.5142857143,0.9882629108,1.7183673469,1.7387755102,11.441341,8.219113,2.790191,6.107762,4.069336,2.128003,80.666667,73.795513,0.097826087,2.5714285714,5.5757575758
1,fiction,adventure,cn25,0.803030303,0.1985018727,0.7851851852,0.3291770574,0.9777777778,1.3316708229,3.9555555556,2.9703703704,10.702564,6.275205,2.502398,7.512619,4.379013,2.184933,49.75,57.279468,0.2,8,3.0769230769
1,fiction,adventure,cn26,0.9743589744,0.2046678636,0.8321167883,0.3023255814,0.8540145985,1.4392764858,4.0656934307,2.8248175182,16.317829,9.505596,2.542271,6.326037,4.283135,2.135021,65.857143,50.732995,0.1937984496,25,14.3333333333
1,fiction,adventure,cn27,1.3059701493,0.3941441441,0.8139534884,0.3453608247,0.623255814,1.1443298969,2.0651162791,1.8046511628,16.377953,12.2763,3.014493,6.598403,4.098077,2.017471,59.6,61.392508,0.1390728477,21,5.5925925926
1,fiction,adventure,cn28,0.6022099448,0.1879310345,0.9561403509,0.5569230769,1.5877192982,1.7846153846,5.0877192982,2.850877193,16.917355,9.434057,2.229847,6.41812,4.555447,2.329004,35.9,38.983202,0.5172413793,2,6.4444444444
1,fiction,adventure,cn29,1.197080292,0.3519313305,0.8324873096,0.3325242718,0.6954314721,1.1310679612,2.3654822335,2.0913705584,10.838542,7.423216,2.630847,6.438291,4.099471,2.067623,85.777778,71.194222,0.3021978022,1.170212766,7.28
1,fiction,romance,cp01,0.8026315789,0.256302521,0.7393939394,0.4187327824,0.9212121212,1.3112947658,2.8848484848,2.2,15.824427,9.787421,2.559259,6.60094,4.259527,2.030445,38,39.567664,0.593220339,2.3333333333,3.9333333333
1,fiction,romance,cp02,1.0227272727,0.2934782609,0.8385093168,0.3091334895,0.8198757764,1.0772833724,2.8571428571,2.652173913,21.214286,14.488032,2.790604,7.031028,4.200577,2.178579,52.5,46.730611,0.0158730159,2,11.4545454545
1,fiction,romance,cp03,1.3211678832,0.3709016393,0.8008849558,0.343358396,0.6061946903,1.2230576441,2.1592920354,1.7654867257,14.19863,12.064109,2.564895,5.393633,4.067952,2.071658,77.625,58.572471,0.256097561,1.1351351351,7.1304347826
1,fiction,romance,cp04,0.8586956522,0.3244353183,0.8777777778,0.443373494,1.0222222222,1.1734939759,2.7055555556,2.3055555556,16.541353,11.332641,2.502844,6.139981,4.301818,2.194372,56,60.60858,0.1925925926,3.7142857143,9
1,fiction,romance,cp05,0.9532163743,0.3431578947,1.2442748092,0.4488188976,1.3053435115,1.2467191601,3.6259541985,2.9083969466,15.603053,10.127944,2.492683,6.285383,4.375245,2.271148,48.555556,41.55615,1,2.5652173913,6.5555555556
1,fiction,romance,cp06,0.8917197452,0.3181818182,0.5384615385,0.3420479303,0.6038461538,0.9586056645,1.6923076923,1.7653846154,11.774725,7.055418,2.497669,5.700212,4.190387,2.296533,71.9,71.403711,0.1767676768,35,5.3513513514
1,fiction,romance,cp07,0.9029850746,0.2552742616,0.7610062893,0.3101851852,0.8427672956,1.0972222222,2.9811320755,2.7169811321,14.159722,8.499725,2.607417,6.021963,4.442374,2.369185,83.5,45.919313,0.1962616822,21,3.962962963
1,fiction,romance,cp08,0.9545454545,0.4129213483,0.5404411765,0.3765281174,0.5661764706,0.8704156479,1.3088235294,1.5036764706,11.537143,7.251998,2.89255,6.462692,4.10104,1.964442,47.125,51.520475,0.5111111111,7.6666666667,4.0909090909
1,fiction,romance,cp09,1.3666666667,0.4505494505,0.6431372549,0.32,0.4705882353,0.9706666667,1.4274509804,1.4705882353,29.42029,24.684329,2.959184,7.911763,3.953695,1.88769,25.7,30.990482,0.725,29,4.4444444444
1,fiction,romance,cp10,0.7857142857,0.2569002123,0.5330396476,0.4350282486,0.6784140969,1.3305084746,2.0748898678,1.5594713656,16.934959,12.183382,2.558968,6.508987,4.170907,2.388679,55.222222,49.591168,0.4356435644,6.2857142857,9.1818181818
1,fiction,romance,cp11,1.2362204724,0.3984771574,0.5969581749,0.3239795918,0.4828897338,1.0051020408,1.4980988593,1.4904942966,17.243697,12.631138,2.758065,6.980046,4.04922,2.169704,54,45.130367,0.2763157895,3,2.0540540541
1,fiction,romance,cp12,1.1742424242,0.4089709763,0.5290102389,0.3135391924,0.4505119454,0.9002375297,1.2935153584,1.4368600683,12.076471,8.733979,2.920341,6.328551,4.007793,2.081846,86.714286,60.142009,0.0337837838,5,2.4262295082
1,fiction,romance,cp13,0.8551724138,0.3009708738,0.6358974359,0.368956743,0.7435897436,1.048346056,2.1128205128,2.0153846154,18.142857,12.878455,2.595147,7.171202,4.309055,2.042597,39.777778,46.544549,0.0975609756,0.1379310345,3.7272727273
1,fiction,romance,cp14,1.6944444444,0.4765625,0.6489361702,0.2410714286,0.3829787234,0.8571428571,1.3617021277,1.5886524823,8.935065,6.515392,2.538084,5.618756,4.058083,2.1564,77.333333,65.714872,0.256097561,3.2307692308,3.6444444444
1,fiction,romance,cp15,0.8282208589,0.2884615385,0.6852791878,0.3773148148,0.8274111675,1.0833333333,2.3756345178,2.192893401,11.581006,7.408879,2.793801,6.207926,4.170285,2.09436,79,60.589695,0.265060241,2.3157894737,5.0303030303
1,fiction,romance,cp16,1.1694915254,0.269005848,0.6478873239,0.2816229117,0.5539906103,1.2243436754,2.4084507042,1.9671361502,10.062802,7.908958,2.423256,5.517829,4.055182,2.045389,69.545455,74.887022,0.2132701422,15,4.4893617021
1,fiction,romance,cp17,1.0552147239,0.3245283019,1.1944444444,0.4630681818,1.1319444444,1.5056818182,3.6805555556,2.4444444444,17.87069,11.279009,2.915612,6.503373,4.261939,2.151158,39.2,41.281473,0.35,5.6,4.7058823529
1,fiction,romance,cp18,1.5420560748,0.4285714286,0.5830388693,0.224789916,0.3780918728,0.8088235294,1.3604240283,1.6819787986,11.335135,5.968033,3.139222,6.754689,3.850262,2.008919,100.428571,53.715805,0.4583333333,1.6603773585,12.8
1,fiction,romance,cp19,1.631147541,0.5543175487,0.6815068493,0.2681318681,0.4178082192,0.789010989,1.2294520548,1.5582191781,12.109195,7.347267,3.11226,7.084994,3.786901,2.083146,84.75,62.246988,0.3910614525,4.6666666667,4.3658536585
1,fiction,romance,cp20,0.9081081081,0.4602739726,0.6109090909,0.4648241206,0.6727272727,0.9170854271,1.3272727273,1.4472727273,11.269231,6.657974,2.744652,7.39329,3.872869,2.084879,50.636364,57.706582,0.2612612613,3.2222222222,4.44
1,fiction,romance,cp21,1.1392405063,0.3448275862,1.1320754717,0.3969849246,0.9937106918,1.3115577889,3.2830188679,2.5031446541,18.208333,13.434964,2.612903,6.134745,4.401463,2.248153,40.636364,50.258012,0.5666666667,2.6153846154,3.1578947368
1,fiction,romance,cp22,1.4518518519,0.5038560411,0.6599326599,0.3292682927,0.4545454545,0.9487804878,1.3097643098,1.3804713805,11.948864,8.894757,3.034632,6.939771,3.934379,2.13422,73.625,60.394407,0.2941176471,6.4285714286,6.12
1,fiction,romance,cp23,0.7171717172,0.2768031189,0.7932960894,0.5210526316,1.1061452514,1.35,2.8659217877,2.1229050279,12.424419,9.382076,2.68805,6.084379,4.172672,2.212324,64.545455,68.797943,0.417218543,9,4.5757575758
1,fiction,romance,cp24,1.7333333333,0.2988505747,0.901734104,0.1829268293,0.5202312139,1.0609756098,3.0173410405,2.8439306358,8.859574,5.545313,3.566781,7.599274,4.037446,1.922288,94.625,82.537775,0.025862069,0.1818181818,5.3953488372
1,fiction,romance,cp25,0.8705035971,0.2737556561,0.6540540541,0.3501259446,0.7513513514,1.1133501259,2.3891891892,2.1459459459,20.787879,13.249183,2.796196,7.615187,4.250243,2.228899,54.857143,44.421451,0.1547619048,13,7.6363636364
1,fiction,romance,cp26,0.9824561404,0.488372093,0.7304347826,0.4441558442,0.7434782609,0.8935064935,1.4956521739,1.6739130435,18.798165,13.843012,3.461149,10.260386,3.984871,1.982418,60.142857,52.256042,0.2,14,3.6842105263
1,fiction,romance,cp27,1.3274336283,0.2762430939,0.7246376812,0.2749391727,0.5458937198,1.3211678832,2.6231884058,1.9855072464,10.05314,6.848398,2.67825,5.869183,4.117732,2.170546,90.571429,58.455984,0.1572327044,0.9259259259,3.8780487805
1,fiction,romance,cp28,1.2611940299,0.4162561576,0.845,0.3236714976,0.67,0.9806763285,2.03,2.07,13.096154,9.39502,2.534739,6.478493,4.338718,2.23876,32.454545,46.949419,0.3157894737,4,3.4545454545
1,fiction,romance,cp29,0.736196319,0.2123893805,0.6741573034,0.4116161616,0.9157303371,1.4267676768,3.1741573034,2.2247191011,13.96,9.38643,2.232409,5.454731,4.570201,2.599792,56.363636,64.336152,0.3141025641,16.3333333333,9.1764705882
